0.184639,0.278449,-0.219942,39.3082
0.186585,0.281383,-0.214499,39.3082
0.18377,0.277137,-0.203774,39.7276
0.199845,0.30138,-0.213617,38.4651
0.201732,0.304225,-0.207729,38.4651
0.21326,0.32161,-0.211395,37.6189
0.215125,0.324422,-0.205113,37.6189
0.236655,0.356891,-0.216848,35.9278
0.243536,0.367268,-0.214253,35.5071
0.25544,0.385221,-0.215535,34.67
0.279493,0.421494,-0.216164,33.0196
0.276276,0.416642,-0.204159,33.4287
0.312703,0.471577,-0.199579,31.0174
0.330172,0.497921,-0.199902,29.8556
0.358262,0.540283,-0.205288,27.9943
0.370643,0.558954,-0.200484,27.2777
0.388349,0.585657,-0.197714,26.2339
0.432817,0.652716,-0.206716,23.6365
0.445342,0.671606,-0.198787,23.0295
0.468609,0.706694,-0.194651,21.8653
0.535159,0.807055,-0.205833,18.7535
0.553203,0.834266,-0.195873,18.0591
0.625605,0.943454,-0.202519,15.3929
0.754684,1.13811,-0.198871,11.7995
0.933582,1.4079,-0.19034,8.45595
1.03968,1.56791,-0.181148,7.06957
1.17475,1.7716,-0.135334,5.73873
1.1758,1.77319,-0.100867,5.73873
1.17103,1.76599,-0.0660624,5.78672
1.16607,1.75851,0.00263038,5.83528
1.16037,1.74991,0.0366501,5.88443
1.16541,1.75752,0.0710091,5.83528
1.16462,1.75633,0.105175,5.83528
0.160037,0.270122,-0.214062,40.1452
0.161784,0.273071,-0.208945,40.1452
0.163489,0.275948,-0.203774,40.1452
0.188713,0.318522,-0.218703,38.0422
0.190494,0.32153,-0.212675,38.0422
0.178815,0.301817,-0.192177,39.3082
0.202926,0.342513,-0.209775,37.1955
0.218275,0.368419,-0.216848,35.9278
0.206285,0.348182,-0.196763,37.1955
0.226362,0.382069,-0.207083,35.5071
0.243725,0.411376,-0.204373,34.2541
0.2501,0.422136,-0.200378,33.8403
0.27547,0.464957,-0.210551,31.809
0.281951,0.475897,-0.205244,31.4116
0.288417,0.48681,-0.199579,31.0174
0.304529,0.514005,-0.199902,29.8556
0.311,0.524927,-0.193212,29.4756
0.322322,0.544038,-0.189027,28.727
0.343468,0.579729,-0.189588,27.2777
0.369631,0.623889,-0.191404,25.5591
0.410754,0.6933,-0.198787,23.0295
0.422278,0.712751,-0.190176,22.4391
0.530247,0.894988,-0.203555,17.1814
0.561964,0.948522,-0.197236,15.9618
0.613834,1.03607,-0.195355,14.1632
0.685983,1.15785,-0.195989,12.0647
0.840814,1.41919,-0.185861,8.79582
0.903124,1.52436,-0.170605,7.82928
1.09368,1.84599,-0.136605,5.64446
1.09467,1.84766,-0.101814,5.64446
1.07499,1.81444,-0.0657508,5.83528
1.07551,1.81532,0.00263038,5.83528
1.07025,1.80644,0.0366501,5.88443
1.0698,1.80569,0.0706726,5.88443
1.07417,1.81306,0.105175,5.83528
0.149996,0.285193,-0.219695,39.7276
0.143858,0.273522,-0.203447,40.5604
0.149303,0.283875,-0.203774,40.1452
0.158758,0.301853,-0.208999,39.3082
0.160314,0.304811,-0.203445,39.3082
0.173965,0.330765,-0.212675,38.0422
0.175546,0.333772,-0.20659,38.0422
0.172963,0.328862,-0.19579,38.4651
0.186876,0.355314,-0.203295,37.1955
0.20513,0.390022,-0.214253,35.5071
0.219376,0.417108,-0.219761,34.2541
0.222576,0.423192,-0.204373,34.2541
0.228398,0.434261,-0.200378,33.8403
0.242892,0.461819,-0.203291,32.6132
0.257486,0.489567,-0.205244,31.4116
0.27217,0.517486,-0.206232,30.2393
0.291347,0.553949,-0.209421,28.727
0.292889,0.55688,-0.19925,28.727
0.307733,0.585104,-0.19762,27.6339
0.346559,0.658925,-0.196508,24.9013
0.357034,0.678843,-0.189206,24.2604
0.390173,0.74185,-0.192413,22.1502
0.446211,0.848398,-0.203753,18.9921
0.479668,0.91201,-0.201634,17.3958
0.513201,0.975768,-0.197236,15.9618
0.546785,1.03962,-0.190552,14.6741
0.612639,1.16483,-0.191666,12.4778
0.763229,1.45116,-0.184741,8.88376
0.880359,1.67386,-0.182107,7.00574
0.970908,1.84602,-0.132792,5.93418
0.976432,1.85653,-0.0994466,5.88443
0.972401,1.84886,-0.0651276,5.93418
0.972873,1.84976,0.00260545,5.93418
0.968072,1.84063,0.036301,5.98453
0.963018,1.83102,0.069663,6.03549
0.967015,1.83862,0.103679,5.98453
0.131888,0.284927,-0.214062,40.1452
0.15438,0.333517,-0.241937,37.6189
0.152461,0.329371,-0.230587,38.0422
0.136103,0.294031,-0.198549,40.1452
0.141053,0.304726,-0.198359,39.7276
0.156988,0.339152,-0.212675,38.0422
0.158416,0.342235,-0.20659,38.0422
0.167234,0.361286,-0.209775,37.1955
0.161145,0.348131,-0.19426,38.0422
0.185113,0.399911,-0.214253,35.5071
0.18274,0.394785,-0.202857,35.9278
0.200856,0.433922,-0.204373,34.2541
0.213888,0.462075,-0.207939,33.0196
0.237687,0.513491,-0.199579,31.0174
0.246982,0.533571,-0.196729,30.2393
0.252293,0.545045,-0.190194,29.8556
0.273678,0.591245,-0.194756,27.9943
0.287099,0.620239,-0.192297,26.9256
0.316801,0.684406,-0.19906,24.5787
0.342585,0.740109,-0.201182,22.7322
0.356192,0.769505,-0.194651,21.8653
0.390342,0.84328,-0.197516,19.7297
0.428737,0.926228,-0.199714,17.6136
0.458986,0.991576,-0.195474,16.1573
0.485135,1.04807,-0.187349,15.028
0.540385,1.16743,-0.187342,12.9099
0.705447,1.52402,-0.18922,8.53917
0.79445,1.7163,-0.182107,7.00574
0.867778,1.87472,-0.131522,6.03549
0.856933,1.85129,0.00254312,6.19217
0.869403,1.87823,0.0361265,6.03549
0.85225,1.84117,0.0683168,6.24568
0.855868,1.84899,0.101685,6.19217
0.120374,0.298905,-0.219695,39.7276
0.131049,0.325412,-0.23094,38.4651
0.138736,0.3445,-0.235949,37.6189
0.124221,0.308456,-0.203774,39.7276
0.138303,0.343426,-0.218703,38.0422
0.136362,0.338606,-0.207729,38.4651
0.144155,0.357955,-0.211395,37.6189
0.14872,0.369292,-0.209775,37.1955
0.161261,0.400431,-0.20988,35.9278
0.179438,0.445569,-0.223988,33.8403
0.175185,0.435009,-0.200443,34.67
0.183293,0.45514,-0.200378,33.8403
0.194924,0.484022,-0.203291,32.6132
0.21964,0.545395,-0.196729,30.2393
0.235047,0.583654,-0.19925,28.727
0.24696,0.613235,-0.19762,27.6339
0.262508,0.651843,-0.197714,26.2339
0.292566,0.72648,-0.206716,23.6365
0.308287,0.765517,-0.203577,22.4391
0.334965,0.831763,-0.205837,20.5012
0.365399,0.907335,-0.207912,18.5185
0.38494,0.955858,-0.201634,17.3958
0.408174,1.01355,-0.195474,16.1573
0.431428,1.07129,-0.187349,15.028
0.476865,1.18412,-0.185901,13.0583
0.627351,1.5578,-0.18922,8.53917
0.713938,1.7728,-0.184024,6.88053
0.771712,1.91626,-0.131522,6.03549
0.772407,1.91799,-0.0980259,6.03549
0.761951,1.89203,0.0356029,6.19217
0.76112,1.88996,0.101685,6.19217
0.10508,0.304618,-0.219695,39.7276
0.106228,0.307944,-0.214444,39.7276
0.115604,0.335126,-0.225224,38.4651
0.116779,0.338533,-0.219449,38.4651
0.120732,0.34999,-0.218703,38.0422
0.1077,0.312214,-0.187945,40.1452
0.137279,0.39796,-0.230612,35.9278
0.12694,0.367988,-0.205113,37.6189
0.130917,0.379515,-0.203295,37.1955
0.140772,0.408085,-0.20988,35.9278
0.144818,0.419815,-0.207083,35.5071
0.155926,0.452016,-0.204373,34.2541
0.169062,0.490095,-0.21172,32.6132
0.179274,0.519699,-0.214181,31.4116
0.18344,0.531775,-0.208722,31.0174
0.184519,0.534903,-0.199579,31.0174
0.202075,0.585798,-0.196231,29.0994
0.218708,0.634014,-0.200484,27.2777
0.222878,0.646102,-0.192297,26.9256
0.242783,0.703805,-0.196508,24.9013
0.262786,0.761792,-0.198787,23.0295
0.28605,0.829234,-0.201363,21.0349
0.309405,0.896937,-0.201674,19.2342
0.326432,0.946296,-0.195873,18.0591
0.343474,0.9957,-0.18843,16.9703
0.370176,1.07311,-0.184146,15.3929
0.422732,1.22546,-0.188783,12.7637
0.531442,1.5406,-0.183622,8.97292
0.616738,1.78787,-0.182107,7.00574
0.683427,1.98119,-0.133428,5.88443
0.680785,1.97353,-0.098973,5.93418
0.681219,1.97479,-0.0651276,5.93418
0.681446,1.97545,0.0364755,5.93418
0.687682,1.99353,0.0710091,5.83528
0.680703,1.97329,0.104178,5.93418
0.0895168,0.30955,-0.219695,39.7276
0.0904941,0.312929,-0.214444,39.7276
0.0984821,0.340552,-0.225224,38.4651
0.0947458,0.327632,-0.208999,39.3082
0.100458,0.347384,-0.213617,38.4651
0.0917488,0.317268,-0.187945,40.1452
0.102328,0.353852,-0.201786,38.4651
0.115512,0.399441,-0.219098,36.3496
0.12144,0.41994,-0.221366,35.5071
0.124919,0.43197,-0.218625,35.0877
0.130922,0.45273,-0.219761,34.2541
0.135386,0.468167,-0.208303,33.8403
0.133735,0.462455,-0.196597,34.2541
0.142368,0.492308,-0.19966,33.0196
0.15719,0.543562,-0.199579,31.0174
0.165971,0.573928,-0.199902,29.8556
0.172146,0.595281,-0.196231,29.0994
0.186315,0.644277,-0.200484,27.2777
0.206824,0.715198,-0.196508,24.9013
0.221167,0.764798,-0.196391,23.3309
0.23556,0.814569,-0.194651,21.8653
0.263579,0.911457,-0.201674,19.2342
0.291715,1.00875,-0.205475,16.9703
0.30354,1.04964,-0.195474,16.1573
0.334544,1.15686,-0.195355,14.1632
0.36287,1.25481,-0.190224,12.6196
0.444448,1.5369,-0.180263,9.24801
0.530923,1.83593,-0.184024,6.88053
0.593294,2.05161,-0.135969,5.69131
0.599378,2.07265,-0.102288,5.59815
0.59143,2.04517,-0.0663741,5.73873
0.588938,2.03655,0.00264285,5.78672
0.591627,2.04585,0.0371736,5.73873
0.585829,2.0258,0.0710091,5.83528
0.590981,2.04362,0.106172,5.73873
0.0756139,0.321729,-0.225328,39.3082
0.0745284,0.317111,-0.214444,39.7276
0.0753137,0.320452,-0.209137,39.7276
0.0838822,0.356911,-0.224674,38.0422
0.0795386,0.338429,-0.197837,39.3082
0.0802617,0.341506,-0.192177,39.3082
0.0890601,0.378942,-0.205113,37.6189
0.0959322,0.408182,-0.212331,36.3496
0.0967069,0.411478,-0.205508,36.3496
0.101603,0.432312,-0.207083,35.5071
0.112258,0.477647,-0.200378,33.8403
0.11725,0.498887,-0.19966,33.0196
0.126555,0.538478,-0.205244,31.4116
0.143955,0.612516,-0.19925,28.727
0.153444,0.652887,-0.200484,27.2777
0.156369,0.665335,-0.192297,26.9256
0.168122,0.715343,-0.193956,25.2281
0.173262,0.737212,-0.186811,24.5787
0.189541,0.806478,-0.190176,22.4391
0.217076,0.923637,-0.201674,19.2342
0.229022,0.974465,-0.195873,18.0591
0.254492,1.08284,-0.198997,15.7692
0.27778,1.18192,-0.196957,13.998
0.29885,1.27158,-0.190224,12.6196
0.361488,1.53809,-0.178024,9.43793
0.409925,1.74419,-0.172522,7.68285
0.500036,2.1276,-0.139146,5.46247
0.500487,2.12952,-0.103709,5.46247
0.496232,2.11142,-0.0676205,5.55239
0.49876,2.12218,0.00271764,5.50717
0.49411,2.10239,0.0376972,5.59815
0.498478,2.12098,0.0733649,5.50717
0.495856,2.10982,0.108165,5.55239
0.0628614,0.345131,-0.23094,38.4651
0.0650363,0.357072,-0.230587,38.0422
0.0641695,0.352313,-0.219449,38.4651
0.0601699,0.330353,-0.198359,39.7276
0.0654102,0.359124,-0.207729,38.4651
0.0691479,0.379646,-0.211395,37.6189
0.071338,0.39167,-0.209775,37.1955
0.075135,0.412517,-0.212331,36.3496
0.0773533,0.424696,-0.20988,35.9278
0.0812006,0.445819,-0.211309,35.0877
0.0840328,0.461369,-0.200443,34.67
0.0879216,0.48272,-0.200378,33.8403
0.0918312,0.504185,-0.19966,33.0196
0.101392,0.556676,-0.199579,31.0174
0.105357,0.578444,-0.196729,30.2393
0.114456,0.6284,-0.202269,28.3587
0.120178,0.659821,-0.200484,27.2777
0.120745,0.662931,-0.189588,27.2777
0.129942,0.713428,-0.191404,25.5591
0.13744,0.754593,-0.189206,24.2604
0.150197,0.824632,-0.192413,22.1502
0.161252,0.88533,-0.191279,20.5012
0.182889,1.00412,-0.199714,17.6136
0.190501,1.04591,-0.190191,16.7623
0.206947,1.13621,-0.187349,15.028
0.225196,1.2364,-0.183019,13.3621
0.31749,1.74313,-0.170605,7.82928
0.393776,2.16196,-0.104182,5.41829
0.394026,2.16334,-0.0685554,5.41829
0.394218,2.16439,0.00274258,5.41829
0.397741,2.18374,0.0387443,5.33147
0.387128,2.12547,0.107823,5.58379
0.0448109,0.344115,-0.236594,38.4651
0.0409859,0.314741,-0.208945,40.1452
0.0435976,0.334798,-0.214499,39.3082
0.0429398,0.329746,-0.203774,39.7276
0.0444724,0.341515,-0.203445,39.3082
0.0448923,0.344739,-0.197837,39.3082
0.0453004,0.347873,-0.192177,39.3082
0.0502663,0.386008,-0.205113,37.6189
0.0495369,0.380407,-0.19426,38.0422
0.0592275,0.454823,-0.222998,34.67
0.0596864,0.458347,-0.215535,34.67
0.0657503,0.504914,-0.207939,33.0196
0.0673801,0.517429,-0.203291,32.6132
0.0787876,0.60503,-0.193212,29.4756
0.0828932,0.636558,-0.191891,28.3587
0.08577,0.65865,-0.18688,27.6339
0.0936411,0.719094,-0.191404,25.5591
0.101552,0.779841,-0.193996,23.6365
0.104461,0.802186,-0.185701,23.0295
0.111152,0.853563,-0.182962,21.5845
0.12546,0.96344,-0.190112,18.7535
0.129655,0.995653,-0.179625,18.0591
0.14276,1.09629,-0.179343,15.9618
0.154617,1.18734,-0.174372,14.3309
0.215941,1.65826,-0.161021,8.62354
0.318308,2.44437,-0.156937,4.39695
0.346972,2.66449,-0.127386,3.75901
0.348483,2.67609,-0.0841361,3.73329
0.352526,2.70714,0.00340329,3.65766
0.343435,2.63733,0.0464234,3.83773
0.432343,3.32007,0.11274,2.49026
0.403676,3.09994,0.156017,2.8321
0.0240714,0.304759,-0.208428,40.5604
0.0249919,0.316413,-0.208945,40.1452
0.0252552,0.319747,-0.203774,40.1452
0.0248406,0.314497,-0.193324,40.5604
0.0271178,0.343329,-0.203445,39.3082
0.0287426,0.363899,-0.207729,38.4651
0.030385,0.384694,-0.211395,37.6189
0.0306508,0.388058,-0.205113,37.6189
0.0330159,0.418002,-0.212331,36.3496
0.0332825,0.421377,-0.205508,36.3496
0.0335403,0.424642,-0.198631,36.3496
0.0369257,0.467503,-0.200443,34.67
0.0393635,0.498367,-0.204159,33.4287
0.0396188,0.5016,-0.19603,33.4287
0.0413402,0.523394,-0.194808,32.6132
0.0556688,0.704803,-0.24937,25.5695
0.0480421,0.608244,-0.193212,29.4756
0.0497912,0.630388,-0.189027,28.727
0.0538157,0.681341,-0.192297,26.9256
0.0570993,0.722914,-0.191404,25.5591
0.0611585,0.774305,-0.191601,23.9464
0.0621624,0.787015,-0.181226,23.6365
0.068547,0.867848,-0.185041,21.3077
0.0726378,0.919641,-0.180511,19.9831
0.0829348,1.05001,-0.18843,16.9703
0.088605,1.1218,-0.182545,15.5796
0.0997348,1.26271,-0.18446,13.2091
0.129104,1.63453,-0.184741,8.88376
0.145782,1.84569,-0.178273,7.26605
0.201166,2.5469,-0.162655,4.11824
0.209213,2.64877,-0.125966,3.83773
0.208559,2.64049,-0.082578,3.86451
0.206298,2.61186,0.00326616,3.94649
0.207841,2.6314,0.0460744,3.89156
0.206181,2.61039,0.0881724,3.94649
0.206042,2.60862,0.130596,3.94649
0.00976747,0.346883,-0.236594,38.4651
0.0101092,0.359019,-0.236438,38.0422
0.00950301,0.33749,-0.214499,39.3082
0.0095996,0.340921,-0.208999,39.3082
0.00945133,0.335655,-0.198359,39.7276
0.0097852,0.347512,-0.197837,39.3082
0.0106147,0.376972,-0.20659,38.0422
0.00971151,0.344895,-0.181805,39.7276
0.0107976,0.383466,-0.19426,38.0422
0.0118973,0.422522,-0.205508,36.3496
0.0124997,0.443915,-0.207083,35.5071
0.0134585,0.477965,-0.204373,34.2541
0.0132893,0.471959,-0.192817,34.67
0.0144246,0.512277,-0.19966,33.0196
0.0147777,0.524816,-0.194808,32.6132
0.0160153,0.568769,-0.190383,31.0174
0.0171734,0.609897,-0.193212,29.4756
0.0195082,0.692815,-0.195005,26.5777
0.0209553,0.744208,-0.196508,24.9013
0.0213155,0.756999,-0.186811,24.5787
0.0227695,0.808639,-0.185701,23.0295
0.0245031,0.870206,-0.185041,21.3077
0.0262417,0.93195,-0.182431,19.7297
0.028538,1.0135,-0.181386,17.8347
0.0325067,1.15445,-0.187349,15.028
0.0362088,1.28592,-0.187342,12.9099
0.0444718,1.57938,-0.178024,9.43793
0.0537929,1.9104,-0.184024,6.88053
0.0724717,2.57377,-0.163926,4.0598
0.0728182,2.58607,-0.122651,4.03103
0.071774,2.54899,0.00317889,4.14791
0.0720446,2.5586,0.0446782,4.11824
0.0725773,2.57752,0.0868263,4.0598
0.0725282,2.57577,0.128602,4.0598
-0.00688408,0.305631,-0.208428,40.5604
-0.00733541,0.325669,-0.214444,39.7276
-0.00741271,0.3291,-0.209137,39.7276
-0.00825606,0.366542,-0.224674,38.0422
-0.00775532,0.344311,-0.203445,39.3082
-0.00782854,0.347562,-0.197837,39.3082
-0.00849219,0.377026,-0.20659,38.0422
-0.00856646,0.380323,-0.200451,38.0422
-0.00964297,0.428117,-0.216848,35.9278
-0.00992335,0.440565,-0.214253,35.5071
-0.00918389,0.407735,-0.190178,37.1955
-0.0107673,0.478033,-0.204373,34.2541
-0.0108405,0.481282,-0.196597,34.2541
-0.0117501,0.521665,-0.203291,32.6132
-0.012245,0.543637,-0.201765,31.809
-0.0125293,0.556262,-0.196253,31.4116
-0.0134535,0.597292,-0.199902,29.8556
-0.0139541,0.619515,-0.196231,29.0994
-0.0142396,0.632191,-0.189027,28.727
-0.0153905,0.68329,-0.192297,26.9256
-0.0161119,0.715315,-0.188851,25.8944
-0.0168346,0.7474,-0.184416,24.9013
-0.0186555,0.828242,-0.190176,22.4391
-0.0204845,0.909447,-0.193358,20.2402
-0.0218784,0.971328,-0.190112,18.7535
-0.0241615,1.07269,-0.191952,16.5576
-0.0260066,1.15461,-0.187349,15.028
-0.0285228,1.26632,-0.18446,13.2091
-0.0371456,1.64914,-0.185861,8.79582
-0.0421398,1.87087,-0.18019,7.13421
-0.0568566,2.52425,-0.160749,4.20821
-0.0575826,2.55648,-0.12123,4.11824
-0.056944,2.52813,-0.0788387,4.20821
-0.0565213,2.50936,0.00312903,4.26979
-0.0565127,2.50898,0.0438055,4.26979
-0.0567144,2.51793,0.0848071,4.23884
-0.0569009,2.52621,0.12611,4.20821
-0.0235636,0.32137,-0.219695,39.7276
-0.0225993,0.308219,-0.203447,40.5604
-0.0246891,0.33672,-0.214499,39.3082
-0.026187,0.35715,-0.219449,38.4651
-0.0245548,0.334889,-0.198359,39.7276
-0.0273289,0.372723,-0.212675,38.0422
-0.0256533,0.349871,-0.192177,39.3082
-0.0278186,0.379401,-0.200451,38.0422
-0.0293572,0.400386,-0.203295,37.1955
-0.0309096,0.421558,-0.205508,36.3496
-0.0318118,0.433863,-0.202857,35.9278
-0.0336207,0.458533,-0.196513,35.0877
-0.0358801,0.489348,-0.200378,33.8403
-0.0367942,0.501815,-0.19603,33.4287
-0.0383929,0.523618,-0.194808,32.6132
-0.0413771,0.564319,-0.199579,31.0174
-0.0439198,0.598997,-0.190194,29.8556
-0.0462413,0.630659,-0.189027,28.727
-0.0478671,0.652832,-0.184172,27.9943
-0.0530284,0.723224,-0.191404,25.5591
-0.0575081,0.78432,-0.193996,23.6365
-0.0598686,0.816514,-0.187938,22.7322
-0.0679516,0.926752,-0.197516,19.7297
-0.0688944,0.939611,-0.184351,19.4801
-0.0741426,1.01119,-0.181386,17.8347
-0.081566,1.11243,-0.180944,15.7692
-0.0875588,1.19416,-0.174372,14.3309
-0.112633,1.53613,-0.173545,9.83429
-0.13466,1.83655,-0.177315,7.33326
-0.180418,2.46062,-0.116968,4.39695
-0.180533,2.46219,-0.076969,4.39695
-0.17989,2.45341,0.0030667,4.42959
-0.180594,2.46301,0.0431074,4.39695
-0.180397,2.46032,0.123119,4.39695
-0.0377689,0.303366,-0.208428,40.5604
-0.0392132,0.314967,-0.208945,40.1452
-0.0406692,0.326662,-0.209137,39.7276
-0.0410826,0.329982,-0.203774,39.7276
-0.0414852,0.333216,-0.198359,39.7276
-0.0472457,0.379485,-0.217621,37.6189
-0.0487587,0.391638,-0.216199,37.1955
-0.0491852,0.395064,-0.209775,37.1955
-0.0495987,0.398385,-0.203295,37.1955
-0.0533325,0.428376,-0.20988,35.9278
-0.052626,0.422701,-0.198631,36.3496
-0.0613459,0.492741,-0.212234,33.4287
-0.0594753,0.477716,-0.196597,34.2541
-0.0644658,0.5178,-0.203291,32.6132
-0.0648644,0.521002,-0.194808,32.6132
-0.0873465,0.701582,-0.24937,25.5695
-0.0765577,0.614924,-0.196231,29.0994
-0.0793079,0.637015,-0.191891,28.3587
-0.0844388,0.678227,-0.192297,26.9256
-0.0907855,0.729205,-0.193956,25.2281
-0.0983589,0.790035,-0.196391,23.3309
-0.107168,0.860793,-0.199125,21.3077
-0.116012,0.931828,-0.199595,19.4801
-0.124884,1.00309,-0.197794,17.8347
-0.136209,1.09405,-0.197236,15.9618
-0.142683,1.14605,-0.187349,15.028
-0.151597,1.21766,-0.178696,13.8354
-0.198885,1.59748,-0.181383,9.15503
-0.238575,1.91627,-0.185941,6.75847
-0.303308,2.43622,-0.156301,4.42959
-0.299879,2.40868,-0.115074,4.52967
-0.300215,2.41138,0.0030293,4.52967
-0.30375,2.43977,0.0827879,4.42959
-0.0530857,0.301064,-0.208428,40.5604
-0.0580165,0.329028,-0.219942,39.3082
-0.0556964,0.31587,-0.203774,40.1452
-0.0651461,0.369462,-0.229899,37.6189
-0.0598041,0.339166,-0.203445,39.3082
-0.0603688,0.342368,-0.197837,39.3082
-0.0639635,0.362755,-0.201786,38.4651
-0.0645229,0.365928,-0.19579,38.4651
-0.0650655,0.369004,-0.189742,38.4651
-0.0702759,0.398555,-0.196763,37.1955
-0.0771156,0.437344,-0.207083,35.5071
-0.0830306,0.47089,-0.204373,34.2541
-0.0852025,0.483207,-0.200378,33.8403
-0.0873732,0.495518,-0.19603,33.4287
-0.0966185,0.547951,-0.196253,31.4116
-0.102098,0.579028,-0.196729,30.2393
-0.112571,0.638423,-0.205288,27.9943
-0.11147,0.63218,-0.191891,28.3587
-0.118682,0.67308,-0.192297,26.9256
-0.122566,0.695104,-0.186299,26.2339
-0.134875,0.764917,-0.191601,23.9464
-0.143859,0.815866,-0.190176,22.4391
-0.161361,0.915123,-0.197516,19.7297
-0.167008,0.947149,-0.188192,18.9921
-0.177772,1.00819,-0.183147,17.6136
-0.197119,1.11792,-0.184146,15.3929
-0.216513,1.22791,-0.181578,13.5175
-0.27609,1.56578,-0.179143,9.3423
-0.324956,1.84291,-0.18019,7.13421
-0.429777,2.43739,-0.157572,4.36465
-0.437102,2.47893,-0.119336,4.23884
-0.43391,2.46082,-0.0779038,4.30108
-0.430647,2.44232,0.00309163,4.36465
-0.435791,2.47149,0.0438055,4.26979
-0.433875,2.46062,0.084134,4.30108
-0.431847,2.44912,0.124116,4.33269
-0.0719563,0.314096,-0.219695,39.7276
-0.074607,0.325667,-0.219942,39.3082
-0.0735084,0.320871,-0.209137,39.7276
-0.0666396,0.290888,-0.182875,41.3822
-0.0749832,0.327309,-0.198359,39.7276
-0.077632,0.338871,-0.197837,39.3082
-0.0783378,0.341952,-0.192177,39.3082
-0.0790229,0.344943,-0.186466,39.3082
-0.0956248,0.417412,-0.216848,35.9278
-0.102422,0.447081,-0.222998,34.67
-0.0991677,0.432877,-0.207083,35.5071
-0.111634,0.487296,-0.204159,33.4287
-0.112359,0.490457,-0.19603,33.4287
-0.115147,0.502628,-0.191329,33.0196
-0.124248,0.542354,-0.196253,31.4116
-0.127059,0.554626,-0.190383,31.0174
-0.138376,0.604024,-0.196231,29.0994
-0.143347,0.625723,-0.191891,28.3587
-0.144022,0.628672,-0.181463,28.3587
-0.151138,0.65973,-0.178643,27.2777
-0.166941,0.728712,-0.184416,24.9013
-0.184998,0.807533,-0.190176,22.4391
-0.196583,0.858103,-0.187121,21.0349
-0.219149,0.956607,-0.192033,18.5185
-0.235202,1.02668,-0.18843,16.9703
-0.253487,1.1065,-0.184146,15.3929
-0.280637,1.22501,-0.183019,13.3621
-0.352822,1.54011,-0.178024,9.43793
-0.400099,1.74647,-0.172522,7.68285
-0.561592,2.4514,-0.160113,4.23884
-0.577711,2.52177,-0.122651,4.03103
-0.580311,2.53312,-0.08102,4.00256
-0.576127,2.51485,0.00321629,4.0598
-0.578272,2.52421,0.0452017,4.03103
-0.578032,2.52317,0.0871628,4.03103
-0.577641,2.52146,0.129101,4.03103
-0.0765197,0.270299,-0.191529,41.7879
-0.091006,0.32147,-0.219942,39.3082
-0.0896659,0.316736,-0.209137,39.7276
-0.0859323,0.303548,-0.193324,40.5604
-0.0985007,0.347944,-0.213617,38.4651
-0.0994307,0.35123,-0.207729,38.4651
-0.107501,0.379739,-0.216199,37.1955
-0.103622,0.366035,-0.200451,38.0422
-0.106923,0.377697,-0.198778,37.6189
-0.105337,0.372093,-0.188018,38.0422
-0.120965,0.427299,-0.207083,35.5071
-0.132748,0.468922,-0.208303,33.8403
-0.128607,0.454293,-0.192817,34.67
-0.134518,0.475171,-0.1924,33.8403
-0.140457,0.49615,-0.191329,33.0196
-0.154127,0.544438,-0.199579,31.0174
-0.160154,0.565728,-0.196729,30.2393
-0.166195,0.587067,-0.193212,29.4756
-0.182684,0.645316,-0.200484,27.2777
-0.183545,0.648357,-0.189588,27.2777
-0.194893,0.688442,-0.188851,25.8944
-0.208924,0.738005,-0.189206,24.2604
-0.225661,0.797126,-0.190176,22.4391
-0.247786,0.87528,-0.193358,20.2402
-0.264646,0.934837,-0.190112,18.7535
-0.311894,1.10174,-0.185748,15.209
-0.358495,1.26635,-0.191666,12.4778
-0.433081,1.52982,-0.179143,9.3423
-0.477197,1.68565,-0.168689,7.97967
-0.693187,2.44862,-0.16202,4.14791
-0.715578,2.52771,-0.124545,3.91889
-0.721479,2.54856,-0.082578,3.86451
-0.724553,2.55942,0.00331602,3.83773
-0.718996,2.53979,0.0460744,3.89156
-0.718698,2.53874,0.0888455,3.89156
-0.720932,2.54663,0.132091,3.86451
-0.100713,0.297379,-0.214062,40.1452
-0.11253,0.332271,-0.23094,38.4651
-0.105593,0.311788,-0.209137,39.7276
-0.114872,0.339185,-0.219449,38.4651
-0.107712,0.318044,-0.198359,39.7276
-0.117093,0.345743,-0.207729,38.4651
-0.118157,0.348886,-0.201786,38.4651
-0.127704,0.377076,-0.209775,37.1955
-0.128778,0.380246,-0.203295,37.1955
-0.141357,0.417389,-0.214253,35.5071
-0.139545,0.412039,-0.202857,35.9278
-0.159278,0.470306,-0.212234,33.4287
-0.1663,0.491039,-0.21172,32.6132
-0.177436,0.523919,-0.205244,31.4116
-0.178479,0.527001,-0.196253,31.4116
-0.195716,0.577896,-0.193212,29.4756
-0.205915,0.60801,-0.191891,28.3587
-0.222324,0.656464,-0.195005,26.5777
-0.232613,0.686845,-0.191404,25.5591
-0.255379,0.754064,-0.196391,23.3309
-0.268872,0.793905,-0.192413,22.1502
-0.288662,0.852342,-0.191279,20.5012
-0.305359,0.901642,-0.186272,19.2342
-0.331548,0.978971,-0.184908,17.3958
-0.35463,1.04713,-0.179343,15.9618
-0.393607,1.16221,-0.178696,13.8354
-0.558768,1.64989,-0.16773,8.05639
-0.806715,2.38201,-0.160113,4.23884
-0.916382,2.70583,-0.135437,3.35451
-0.923378,2.72648,-0.0897452,3.31115
-0.91741,2.70886,0.00356535,3.35451
-0.914064,2.69898,0.0497394,3.3765
-0.916891,2.70733,0.0962493,3.35451
-0.91627,2.7055,0.142559,3.35451
-0.115646,0.291897,-0.214062,40.1452
-0.116909,0.295083,-0.208945,40.1452
-0.115032,0.290346,-0.198412,40.5604
-0.122482,0.309151,-0.203774,39.7276
-0.136368,0.344199,-0.218703,38.0422
-0.15046,0.379769,-0.232458,36.3496
-0.135676,0.342454,-0.201786,38.4651
-0.153156,0.386574,-0.219098,36.3496
-0.154444,0.389824,-0.212331,36.3496
-0.155691,0.392972,-0.205508,36.3496
-0.166912,0.421294,-0.211309,35.0877
-0.17612,0.444537,-0.204373,34.2541
-0.184137,0.464772,-0.204159,33.4287
-0.192196,0.485112,-0.203291,32.6132
-0.215363,0.543587,-0.206232,30.2393
-0.223552,0.564256,-0.203075,29.4756
-0.238781,0.602694,-0.205288,27.9943
-0.236446,0.596801,-0.191891,28.3587
-0.248197,0.626462,-0.189588,27.2777
-0.263542,0.665192,-0.188851,25.8944
-0.275363,0.695029,-0.184416,24.9013
-0.297967,0.752084,-0.185701,23.0295
-0.320654,0.809346,-0.185041,21.3077
-0.354249,0.894143,-0.188192,18.9921
-0.373455,0.942619,-0.181386,17.8347
-0.410847,1.037,-0.180944,15.7692
-0.462901,1.16839,-0.183019,13.3621
-0.585629,1.47816,-0.179143,9.3423
-0.68928,1.73978,-0.18019,7.13421
-0.98514,2.48654,-0.170279,3.78499
-1.04489,2.63737,-0.13449,3.3987
-1.07501,2.71339,-0.0909917,3.22687
-1.02397,2.58455,0.00346562,3.5365
-1.20427,3.03963,0.0570694,2.60716
-1.21113,3.05696,0.11072,2.57719
-1.12938,2.85061,0.153027,2.93732
-0.130282,0.285665,-0.214062,40.1452
-0.13517,0.296383,-0.214444,39.7276
-0.133092,0.291826,-0.203774,40.1452
-0.137983,0.30255,-0.203774,39.7276
-0.139335,0.305515,-0.198359,39.7276
-0.133438,0.292584,-0.182999,40.5604
-0.152847,0.335142,-0.201786,38.4651
-0.161526,0.354172,-0.205113,37.6189
-0.166586,0.365267,-0.203295,37.1955
-0.179127,0.392765,-0.20988,35.9278
-0.184275,0.404054,-0.207083,35.5071
-0.190779,0.418314,-0.196513,35.0877
-0.207441,0.454849,-0.204159,33.4287
-0.208787,0.457799,-0.19603,33.4287
-0.229529,0.503281,-0.205244,31.4116
-0.242619,0.531982,-0.206232,30.2393
-0.257132,0.563805,-0.196231,29.0994
-0.270345,0.592776,-0.194756,27.9943
-0.283603,0.621845,-0.192297,26.9256
-0.308931,0.677382,-0.196508,24.9013
-0.322298,0.706691,-0.191601,23.9464
-0.355899,0.780366,-0.196888,21.5845
-0.385588,0.845464,-0.197516,19.7297
-0.419443,0.919698,-0.197794,17.8347
-0.45748,1.0031,-0.197236,15.9618
-0.487418,1.06874,-0.190552,14.6741
-0.529697,1.16145,-0.185901,13.0583
-0.635004,1.39235,-0.172425,9.93696
-0.685645,1.50339,-0.159104,8.79582
-1.14812,2.51744,-0.131175,3.56026
-1.2401,2.71911,-0.093173,3.08677
-1.26974,2.78412,0.00381467,2.95541
-1.35668,2.97474,0.0570694,2.60716
-1.33123,2.91895,0.108028,2.70023
-0.994641,2.18091,0.11963,4.63306
-0.140779,0.271365,-0.208428,40.5604
-0.150008,0.289156,-0.214444,39.7276
-0.16325,0.31468,-0.225224,38.4651
-0.15313,0.295173,-0.203774,39.7276
-0.150666,0.290423,-0.193273,40.1452
-0.160093,0.308595,-0.197837,39.3082
-0.161548,0.3114,-0.192177,39.3082
-0.179257,0.345536,-0.205113,37.6189
-0.197198,0.380118,-0.216848,35.9278
-0.207073,0.399154,-0.218625,35.0877
-0.20033,0.386157,-0.202857,35.9278
-0.224424,0.432601,-0.208303,33.8403
-0.230213,0.443758,-0.204159,33.4287
-0.235997,0.454908,-0.19966,33.0196
-0.275123,0.530327,-0.199902,29.8556
-0.280969,0.541595,-0.193212,29.4756
-0.304434,0.586827,-0.19762,27.6339
-0.314735,0.606683,-0.192297,26.9256
-0.333938,0.6437,-0.191404,25.5591
-0.362149,0.698079,-0.193996,23.6365
-0.399455,0.76999,-0.199125,21.3077
-0.436924,0.842214,-0.201674,19.2342
-0.492603,0.949542,-0.209316,16.5576
-0.530364,1.02233,-0.206041,15.028
-0.568197,1.09526,-0.200159,13.6752
-0.615185,1.18583,-0.194548,12.2003
-0.723015,1.39368,-0.176904,9.53493
-0.742575,1.43139,-0.15527,9.15503
-0.749098,1.44396,-0.103565,9.06334
-0.735973,1.41866,-0.0757688,9.3423
-0.736442,1.41957,-0.0498584,9.3423
-0.746009,1.43801,0.00201953,9.15503
-0.7505,1.44667,0.0284474,9.06334
-0.750189,1.44607,0.0548554,9.06334
-0.763479,1.47168,0.0827441,8.79582
-0.162685,0.278151,-0.219695,39.7276
-0.164461,0.281187,-0.214444,39.7276
-0.166194,0.28415,-0.209137,39.7276
-0.159274,0.272319,-0.193324,40.5604
-0.182569,0.312148,-0.213617,38.4651
-0.171129,0.292588,-0.192891,39.7276
-0.172685,0.295248,-0.187372,39.7276
-0.192062,0.328377,-0.200451,38.0422
-0.193677,0.331138,-0.19426,38.0422
-0.213402,0.364864,-0.205508,36.3496
-0.228783,0.391161,-0.211309,35.0877
-0.241405,0.412741,-0.204373,34.2541
-0.261741,0.447511,-0.21172,32.6132
-0.25403,0.434328,-0.19603,33.4287
-0.260334,0.445106,-0.191329,33.0196
-0.276149,0.472145,-0.192926,31.809
-0.30163,0.515712,-0.199902,29.8556
-0.317666,0.543128,-0.19925,28.727
-0.34344,0.587196,-0.203348,26.9256
-0.364499,0.623201,-0.20313,25.5591
-0.375876,0.642653,-0.196508,24.9013
-0.401943,0.687221,-0.196391,23.3309
-0.433021,0.740357,-0.196888,21.5845
-0.545019,0.931844,-0.211236,16.3559
-0.576494,0.985659,-0.20428,15.209
-0.612974,1.04803,-0.196957,13.998
-0.684449,1.17024,-0.19743,11.9311
-0.797692,1.36385,-0.178024,9.43793
-0.799044,1.36616,-0.152395,9.43793
-0.796079,1.36109,-0.100389,9.53493
-0.801839,1.37094,-0.0752953,9.43793
-0.80235,1.37182,-0.0495468,9.43793
-0.79757,1.36364,0.0275748,9.53493
-0.802285,1.37171,0.0535092,9.43793
-0.806784,1.3794,0.0797533,9.3423
-0.176564,0.269554,-0.219695,39.7276
-0.178492,0.272497,-0.214444,39.7276
-0.208123,0.317732,-0.241311,37.1955
-0.196222,0.299564,-0.219449,38.4651
-0.202863,0.309702,-0.218703,38.0422
-0.204778,0.312627,-0.212675,38.0422
-0.225862,0.344815,-0.225808,36.3496
-0.232685,0.355231,-0.22376,35.9278
-0.2102,0.320903,-0.19426,38.0422
-0.231609,0.353587,-0.205508,36.3496
-0.243335,0.37149,-0.207083,35.5071
-0.272077,0.415369,-0.212234,33.4287
-0.268853,0.410447,-0.200378,33.8403
-0.301231,0.459877,-0.214181,31.4116
-0.303093,0.46272,-0.205244,31.4116
-0.310043,0.47333,-0.199579,31.0174
-0.327363,0.499772,-0.199902,29.8556
-0.344767,0.526341,-0.19925,28.727
-0.36749,0.561032,-0.200484,27.2777
-0.395595,0.603939,-0.20313,25.5591
-0.413241,0.630878,-0.19906,24.5787
-0.441554,0.674102,-0.198787,23.0295
-0.480645,0.73378,-0.201363,21.0349
-0.498449,0.760961,-0.193358,20.2402
-0.553874,0.845577,-0.197794,17.8347
-0.614889,0.938726,-0.200758,15.5796
-0.670678,1.0239,-0.198558,13.8354
-0.73742,1.12579,-0.195989,12.0647
-0.849412,1.29676,-0.174665,9.73308
-0.850851,1.29896,-0.149519,9.73308
-0.853059,1.30233,-0.0991178,9.73308
-0.853828,1.3035,-0.0738746,9.73308
-0.865325,1.32106,-0.0492352,9.53493
-0.854786,1.30497,0.00194474,9.73308
-0.865613,1.3215,0.0275748,9.53493
-0.859779,1.31259,0.0528362,9.6333
-0.870142,1.32841,0.0792549,9.43793
-0.185119,0.253591,-0.214062,40.1452
-0.206839,0.283345,-0.23094,38.4651
-0.209018,0.286331,-0.225224,38.4651
-0.211143,0.289241,-0.219449,38.4651
-0.218289,0.29903,-0.218703,38.0422
-0.225474,0.308873,-0.217621,37.6189
-0.227524,0.311681,-0.211395,37.6189
-0.224298,0.307262,-0.200451,38.0422
-0.231444,0.317051,-0.198778,37.6189
-0.259825,0.355931,-0.214253,35.5071
-0.267182,0.366008,-0.211309,35.0877
-0.287344,0.393628,-0.208303,33.8403
-0.294755,0.40378,-0.204159,33.4287
-0.302161,0.413926,-0.19966,33.0196
-0.32614,0.446774,-0.205244,31.4116
-0.34474,0.472253,-0.206232,30.2393
-0.352256,0.48255,-0.199902,29.8556
-0.382225,0.523604,-0.205288,27.9943
-0.395434,0.541699,-0.200484,27.2777
-0.431352,0.590902,-0.205839,25.2281
-0.456066,0.624757,-0.204164,23.9464
-0.480854,0.658715,-0.201182,22.7322
-0.517193,0.708494,-0.201363,21.0349
-0.547885,0.750539,-0.197516,19.7297
-0.61335,0.840218,-0.203555,17.1814
-0.66745,0.914329,-0.202519,15.3929
-0.727497,0.996586,-0.200159,13.6752
-0.781825,1.07101,-0.193107,12.338
-0.914001,1.25208,-0.174665,9.73308
-0.909681,1.24616,-0.148561,9.83429
-0.92381,1.26551,-0.0997532,9.6333
-0.924642,1.26665,-0.0743482,9.6333
-0.907552,1.24324,-0.0479888,9.93696
-0.913888,1.25192,0.00193227,9.83429
-0.91375,1.25173,0.0270512,9.83429
-0.925157,1.26736,0.0528362,9.6333
-0.936308,1.28263,0.0792549,9.43793
-0.202929,0.250308,-0.219695,39.7276
-0.205144,0.253041,-0.214444,39.7276
-0.223253,0.275377,-0.225224,38.4651
-0.214783,0.264929,-0.208999,39.3082
-0.216888,0.267526,-0.203445,39.3082
-0.229882,0.283554,-0.207729,38.4651
-0.237495,0.292945,-0.20659,38.0422
-0.239572,0.295507,-0.200451,38.0422
-0.277519,0.342314,-0.214253,35.5071
-0.291085,0.359046,-0.215535,34.67
-0.306912,0.378569,-0.208303,33.8403
-0.326488,0.402716,-0.21172,32.6132
-0.3504,0.43221,-0.196253,31.4116
-0.376245,0.464089,-0.199902,29.8556
-0.396247,0.488761,-0.19925,28.727
-0.422363,0.520975,-0.200484,27.2777
-0.46679,0.575774,-0.208547,24.9013
-0.481035,0.593345,-0.201612,24.2604
-0.531944,0.65614,-0.208367,21.8653
-0.558552,0.688961,-0.2036,20.7661
-0.609836,0.752219,-0.205833,18.7535
-0.655119,0.808074,-0.203555,17.1814
-0.719102,0.886996,-0.20428,15.209
-0.77704,0.95846,-0.200159,13.6752
-0.841299,1.03772,-0.194548,12.2003
-0.969987,1.19646,-0.173545,9.83429
-0.965362,1.19075,-0.147602,9.93696
-0.967868,1.19384,-0.0978471,9.93696
-0.963062,1.18791,-0.0476771,10.0411
-0.963529,1.18849,0.00190734,10.0411
-0.969679,1.19608,0.0268767,9.93696
-0.969278,1.19558,0.0518266,9.93696
-1.00007,1.23356,0.0792549,9.43793
-0.215346,0.239708,-0.219695,39.7276
-0.217697,0.242326,-0.214444,39.7276
-0.225632,0.251158,-0.214499,39.3082
-0.250718,0.279082,-0.229899,37.6189
-0.253175,0.281817,-0.223789,37.6189
-0.226524,0.252151,-0.192891,39.7276
-0.257889,0.287064,-0.211395,37.6189
-0.266057,0.296156,-0.209775,37.1955
-0.280218,0.311919,-0.212331,36.3496
-0.294501,0.327818,-0.214253,35.5071
-0.284669,0.316874,-0.198631,36.3496
-0.319547,0.355698,-0.204373,34.2541
-0.327906,0.365002,-0.200378,33.8403
-0.342487,0.381233,-0.19966,33.0196
-0.390748,0.434954,-0.206232,30.2393
-0.411943,0.458546,-0.206248,29.0994
-0.433236,0.482248,-0.205288,27.9943
-0.461014,0.513169,-0.206212,26.5777
-0.48892,0.544231,-0.205839,25.2281
-0.529855,0.589797,-0.209268,23.3309
-0.564494,0.628355,-0.208367,21.8653
-0.612271,0.681537,-0.210312,19.9831
-0.695207,0.773856,-0.203555,17.1814
-0.769683,0.856758,-0.206041,15.028
-0.844378,0.939902,-0.204963,13.2091
-0.906005,1.0085,-0.19743,11.9311
-1.02934,1.14579,-0.173545,9.83429
-1.02443,1.14033,-0.147602,9.93696
-1.01467,1.12946,-0.0719804,10.1468
-1.02867,1.14505,-0.0479888,9.93696
-1.00912,1.12328,0.0018824,10.2539
-1.02233,1.13799,0.0267022,10.0411
-1.02191,1.13752,0.05149,10.0411
-1.02789,1.14418,0.0767626,9.93696
-0.221385,0.222635,-0.214062,40.1452
-0.217912,0.219143,-0.203447,40.5604
-0.238063,0.239407,-0.214499,39.3082
-0.258519,0.259979,-0.224674,38.0422
-0.236769,0.238106,-0.198359,39.7276
-0.269646,0.271168,-0.217621,37.6189
-0.272097,0.273634,-0.211395,37.6189
-0.280715,0.2823,-0.209775,37.1955
-0.264204,0.265696,-0.189742,38.4651
-0.304386,0.306104,-0.20988,35.9278
-0.319525,0.321329,-0.211309,35.0877
-0.3525,0.35449,-0.204159,33.4287
-0.383423,0.385588,-0.201765,31.809
-0.441326,0.443818,-0.209421,28.727
-0.450383,0.452926,-0.202269,28.3587
-0.506681,0.509542,-0.214804,25.5591
-0.515857,0.51877,-0.205839,25.2281
-0.55223,0.555348,-0.206716,23.6365
-0.609287,0.612727,-0.213157,21.3077
-0.659749,0.663474,-0.214787,19.4801
-0.696602,0.700535,-0.209991,18.2871
-0.775029,0.779405,-0.215076,15.9618
-0.825972,0.830635,-0.209563,14.6741
-0.91178,0.916927,-0.209767,12.7637
-0.9629,0.968336,-0.198871,11.7995
-1.06503,1.07105,-0.170186,10.1468
-1.05982,1.0658,-0.144727,10.2539
-1.05553,1.06149,-0.0953056,10.3627
-1.07057,1.07661,-0.0719804,10.1468
-1.07125,1.0773,-0.0473655,10.1468
-1.06472,1.07073,0.0018824,10.2539
-1.07161,1.07766,0.0265277,10.1468
-1.07117,1.07721,0.0511535,10.1468
-1.07748,1.08357,0.0762641,10.0411
-0.238492,0.216692,-0.219695,39.7276
-0.234914,0.213441,-0.208945,40.1452
-0.252424,0.22935,-0.208999,39.3082
-0.248525,0.225808,-0.198359,39.7276
-0.302332,0.274697,-0.232458,36.3496
-0.285607,0.259501,-0.211395,37.6189
-0.307749,0.279619,-0.219098,36.3496
-0.310337,0.28197,-0.212331,36.3496
-0.319499,0.290294,-0.20988,35.9278
-0.321974,0.292543,-0.202857,35.9278
-0.360699,0.327728,-0.208303,33.8403
-0.376854,0.342407,-0.207939,33.0196
-0.435164,0.395386,-0.196729,30.2393
-0.479802,0.435944,-0.205288,27.9943
-0.503474,0.457453,-0.203348,26.9256
-0.569969,0.517869,-0.216672,23.9464
-0.601117,0.546171,-0.214372,22.7322
-0.632353,0.574551,-0.210762,21.5845
-0.670866,0.609544,-0.208075,20.2402
-0.72395,0.657776,-0.207912,18.5185
-0.820774,0.745749,-0.216997,15.7692
-0.881554,0.800973,-0.213085,14.3309
-0.957051,0.869569,-0.209767,12.7637
-1.02536,0.931632,-0.201753,11.542
-1.11244,1.01076,-0.144727,10.2539
-1.12373,1.02101,-0.0719804,10.1468
-1.11704,1.01494,-0.0470539,10.2539
-1.11759,1.01543,0.0018824,10.2539
-1.11742,1.01528,0.0263531,10.2539
-1.12435,1.02158,0.0511535,10.1468
-1.13098,1.0276,0.0762641,10.0411
-0.249161,0.204335,-0.219695,39.7276
-0.271257,0.222455,-0.23094,38.4651
-0.241483,0.198038,-0.198412,40.5604
-0.276902,0.227084,-0.219449,38.4651
-0.279615,0.22931,-0.213617,38.4651
-0.295696,0.242498,-0.217621,37.6189
-0.257696,0.211334,-0.182568,40.1452
-0.307835,0.252452,-0.209775,37.1955
-0.303525,0.248918,-0.198778,37.6189
-0.333792,0.273739,-0.20988,35.9278
-0.343386,0.281607,-0.207083,35.5071
-0.376835,0.309039,-0.208303,33.8403
-0.379396,0.311139,-0.200378,33.8403
-0.403472,0.330883,-0.203291,32.6132
-0.420465,0.344819,-0.201765,31.809
-0.491295,0.402906,-0.212594,28.3587
-0.501266,0.411083,-0.205288,27.9943
-0.518589,0.42529,-0.200484,27.2777
-0.55825,0.457815,-0.20313,25.5591
-0.598104,0.490499,-0.204164,23.9464
-0.653135,0.535629,-0.208367,21.8653
-0.71595,0.587144,-0.212549,19.7297
-0.78659,0.645075,-0.216228,17.6136
-0.857492,0.703221,-0.216997,15.7692
-0.951437,0.780264,-0.220129,13.6752
-1.07123,0.878503,-0.201753,11.542
-1.15256,0.945201,-0.167947,10.3627
-1.15451,0.946803,-0.143769,10.3627
-1.15083,0.943781,-0.0705597,10.473
-1.15929,0.95072,-0.0467423,10.3627
-1.15985,0.951181,0.00186994,10.3627
-1.1674,0.957377,0.0263531,10.2539
-1.16692,0.956981,0.0508169,10.2539
-1.18158,0.968999,0.0762641,10.0411
-0.292421,0.215998,-0.247861,37.6189
-0.262021,0.193543,-0.214444,39.7276
-0.264782,0.195582,-0.209137,39.7276
-0.274331,0.202636,-0.208999,39.3082
-0.263169,0.194391,-0.193273,40.1452
-0.258663,0.191063,-0.182999,40.5604
-0.282178,0.208432,-0.192177,39.3082
-0.305994,0.226024,-0.200451,38.0422
-0.337271,0.249127,-0.212331,36.3496
-0.361696,0.267169,-0.218625,35.0877
-0.342628,0.253084,-0.198631,36.3496
-0.384608,0.284092,-0.204373,34.2541
-0.394668,0.291523,-0.200378,33.8403
-0.419713,0.310023,-0.203291,32.6132
-0.43739,0.32308,-0.201765,31.809
-0.488187,0.360602,-0.203075,29.4756
-0.521443,0.385167,-0.205288,27.9943
-0.554877,0.409863,-0.206212,26.5777
-0.572979,0.423233,-0.200422,25.8944
-0.583293,0.430852,-0.191404,25.5591
-0.671616,0.496092,-0.205972,22.1502
-0.721251,0.532755,-0.205837,20.5012
-0.786782,0.58116,-0.207912,18.5185
-0.876221,0.647225,-0.213156,16.1573
-0.942228,0.695981,-0.209563,14.6741
-1.07187,0.791744,-0.216172,12.2003
-1.19096,0.879708,-0.166827,10.473
-1.2041,0.889415,-0.0953056,10.3627
-1.21322,0.89615,-0.0715068,10.2539
-1.19791,0.884844,-0.0464307,10.473
-1.20635,0.89108,0.0261786,10.3627
-1.22193,0.902587,0.0511535,10.1468
-1.20504,0.890108,0.0747687,10.3627
0.155249,0.234125,-0.191529,41.7879
0.175407,0.264526,-0.208945,40.1452
0.158597,0.239175,-0.182324,41.7879
0.174345,0.262925,-0.193324,40.5604
0.180812,0.272677,-0.193273,40.1452
0.216141,0.325956,-0.222566,37.1955
0.203566,0.306991,-0.201786,38.4651
0.210236,0.317049,-0.200451,38.0422
0.212003,0.319715,-0.19426,38.0422
0.233596,0.352278,-0.205508,36.3496
0.235406,0.355007,-0.198631,36.3496
0.264248,0.398503,-0.204373,34.2541
0.266043,0.401211,-0.196597,34.2541
0.278068,0.419345,-0.19603,33.4287
0.30228,0.455858,-0.192926,31.809
0.342456,0.516447,-0.196231,29.0994
0.365348,0.550969,-0.19762,27.6339
0.38303,0.577634,-0.195005,26.5777
0.427473,0.644658,-0.204164,23.9464
0.456073,0.687789,-0.203577,22.4391
0.468609,0.706694,-0.194651,21.8653
0.529753,0.798903,-0.203753,18.9921
0.558626,0.842445,-0.197794,17.8347
0.609285,0.918842,-0.197236,15.9618
0.665522,1.00365,-0.195355,14.1632
0.754684,1.13811,-0.198871,11.7995
0.966532,1.4576,-0.197058,7.97967
1.06719,1.60939,-0.185941,6.75847
1.16372,1.75496,-0.134063,5.83528
1.15924,1.74822,-0.0994466,5.88443
1.15998,1.74933,-0.0654392,5.88443
1.15502,1.74185,0.00260545,5.93418
1.14932,1.73325,0.036301,5.98453
1.15437,1.74086,0.070336,5.93418
1.15358,1.73968,0.104178,5.93418
0.147403,0.248796,-0.197162,41.3822
0.157527,0.265885,-0.203447,40.5604
0.14628,0.246901,-0.182324,41.7879
0.160805,0.271418,-0.193324,40.5604
0.188713,0.318522,-0.218703,38.0422
0.177204,0.299097,-0.197837,39.3082
0.174345,0.294271,-0.187372,39.7276
0.193907,0.327291,-0.200451,38.0422
0.200085,0.337718,-0.198778,37.6189
0.197117,0.332708,-0.188018,38.0422
0.217123,0.366475,-0.198631,36.3496
0.243725,0.411376,-0.204373,34.2541
0.245381,0.414171,-0.196597,34.2541
0.256472,0.432891,-0.19603,33.4287
0.267615,0.451699,-0.194808,32.6132
0.28361,0.478697,-0.196253,31.4116
0.299695,0.505846,-0.196729,30.2393
0.311,0.524927,-0.193212,29.4756
0.327206,0.552281,-0.191891,28.3587
0.348375,0.588011,-0.192297,26.9256
0.369631,0.623889,-0.191404,25.5591
0.390959,0.659888,-0.189206,24.2604
0.437182,0.737907,-0.196888,21.5845
0.478638,0.807878,-0.199595,19.4801
0.540252,0.911875,-0.207395,16.7623
0.598739,1.01059,-0.190552,14.6741
0.685983,1.15785,-0.195989,12.0647
0.989377,1.66994,-0.186899,6.6986
1.07842,1.82024,-0.134699,5.78672
1.0743,1.81328,-0.0999202,5.83528
1.06989,1.80584,-0.0654392,5.88443
1.07551,1.81532,0.00263038,5.83528
1.07025,1.80644,0.0366501,5.88443
1.06471,1.79709,0.070336,5.93418
1.06908,1.80447,0.104676,5.88443
0.142304,0.270568,-0.208428,40.5604
0.143858,0.273522,-0.203447,40.5604
0.145374,0.276404,-0.198412,40.5604
0.146851,0.279214,-0.193324,40.5604
0.152298,0.28957,-0.193273,40.1452
0.153736,0.292304,-0.187945,40.1452
0.155134,0.294962,-0.182568,40.1452
0.177082,0.336692,-0.200451,38.0422
0.195182,0.371106,-0.212331,36.3496
0.188385,0.358184,-0.196763,37.1955
0.198282,0.377001,-0.198631,36.3496
0.218296,0.415054,-0.200443,34.67
0.228398,0.434261,-0.200378,33.8403
0.22988,0.437078,-0.1924,33.8403
0.240029,0.456376,-0.191329,33.0196
0.25461,0.4841,-0.192926,31.809
0.27369,0.520376,-0.196729,30.2393
0.279576,0.531567,-0.190194,29.8556
0.294353,0.559665,-0.189027,28.727
0.309183,0.587862,-0.18688,27.6339
0.333056,0.633252,-0.188851,25.8944
0.361554,0.687436,-0.191601,23.9464
0.412858,0.784981,-0.2036,20.7661
0.423446,0.805113,-0.193358,20.2402
0.456827,0.868581,-0.192033,18.5185
0.508619,0.967056,-0.195474,16.1573
0.537596,1.02215,-0.187349,15.028
0.594214,1.1298,-0.185901,13.0583
0.767855,1.45995,-0.185861,8.79582
0.857192,1.62981,-0.177315,7.33326
0.970908,1.84602,-0.132792,5.93418
0.968218,1.84091,0.00259298,5.98453
0.121476,0.262432,-0.197162,41.3822
0.140345,0.303197,-0.219942,39.3082
0.134733,0.291072,-0.203774,40.1452
0.139684,0.301769,-0.203774,39.7276
0.137436,0.296912,-0.193273,40.1452
0.153338,0.331265,-0.207729,38.4651
0.158416,0.342235,-0.20659,38.0422
0.159801,0.345229,-0.200451,38.0422
0.16864,0.364323,-0.203295,37.1955
0.166224,0.359104,-0.19239,37.6189
0.18274,0.394785,-0.202857,35.9278
0.193131,0.417233,-0.196513,35.0877
0.202221,0.436871,-0.196597,34.2541
0.211361,0.456617,-0.19603,33.4287
0.246982,0.533571,-0.196729,30.2393
0.256298,0.553697,-0.193212,29.4756
0.273678,0.591245,-0.194756,27.9943
0.295187,0.63771,-0.197714,26.2339
0.328986,0.71073,-0.206716,23.6365
0.338507,0.731298,-0.198787,23.0295
0.376663,0.81373,-0.205837,20.5012
0.402668,0.86991,-0.203753,18.9921
0.43286,0.935134,-0.201634,17.3958
0.458986,0.991576,-0.195474,16.1573
0.493428,1.06598,-0.190552,14.6741
0.548698,1.18539,-0.190224,12.6196
0.705447,1.52402,-0.18922,8.53917
0.781906,1.6892,-0.179232,7.1997
0.846818,1.82943,-0.128345,6.29986
0.843384,1.82202,-0.0951846,6.35472
0.839723,1.81411,-0.0623231,6.41026
0.84013,1.81499,0.00249325,6.41026
0.840003,1.81471,0.0349048,6.41026
0.835457,1.80489,0.0669707,6.46649
0.843282,1.8218,0.10019,6.35472
0.114201,0.283577,-0.208428,40.5604
0.118568,0.294421,-0.208945,40.1452
0.110358,0.274034,-0.187687,41.3822
0.121035,0.300547,-0.198549,40.1452
0.122222,0.303492,-0.193273,40.1452
0.136362,0.338606,-0.207729,38.4651
0.124497,0.309143,-0.182568,40.1452
0.138806,0.344673,-0.19579,38.4651
0.143305,0.355846,-0.19426,38.0422
0.147822,0.367062,-0.19239,37.6189
0.159124,0.395127,-0.198631,36.3496
0.179834,0.446552,-0.196597,34.2541
0.184482,0.458092,-0.1924,33.8403
0.189124,0.469621,-0.18785,33.4287
0.197283,0.489879,-0.186274,32.6132
0.212555,0.527802,-0.190383,31.0174
0.220802,0.548281,-0.187175,30.2393
0.24696,0.613235,-0.19762,27.6339
0.255316,0.633984,-0.192297,26.9256
0.274506,0.681636,-0.193956,25.2281
0.279271,0.693468,-0.184416,24.9013
0.31676,0.786558,-0.194651,21.8653
0.339821,0.843821,-0.193358,20.2402
0.38494,0.955858,-0.201634,17.3958
0.404497,1.00442,-0.193713,16.3559
0.460928,1.14454,-0.200159,13.6752
0.521225,1.29427,-0.203194,11.4161
0.675608,1.67763,-0.203775,7.54025
0.736248,1.8282,-0.189775,6.52343
0.756799,1.87923,-0.12898,6.24568
0.753749,1.87166,-0.0956582,6.29986
0.757963,1.88212,-0.0632579,6.24568
0.75086,1.86448,0.00250572,6.35472
0.754481,1.87348,0.0352539,6.29986
0.754169,1.8727,0.0679803,6.29986
0.749927,1.86217,0.10019,6.35472
0.0996916,0.288997,-0.208428,40.5604
0.103504,0.300048,-0.208945,40.1452
0.096337,0.279272,-0.187687,41.3822
0.108438,0.314352,-0.203774,39.7276
0.117924,0.34185,-0.213617,38.4651
0.0991977,0.287565,-0.173107,41.3822
0.111539,0.323343,-0.187372,39.7276
0.12117,0.351261,-0.19579,38.4651
0.125098,0.362648,-0.19426,38.0422
0.131974,0.38258,-0.196763,37.1955
0.141863,0.411247,-0.202857,35.9278
0.149929,0.434631,-0.196513,35.0877
0.150948,0.437584,-0.189036,35.0877
0.154966,0.449231,-0.18514,34.67
0.168153,0.487461,-0.191329,33.0196
0.181443,0.525988,-0.196253,31.4116
0.198966,0.576785,-0.193212,29.4756
0.209335,0.606842,-0.191891,28.3587
0.21346,0.618802,-0.184172,27.9943
0.233324,0.676384,-0.188851,25.8944
0.250122,0.725079,-0.189206,24.2604
0.279694,0.810806,-0.196888,21.5845
0.315785,0.91543,-0.205833,18.7535
0.323232,0.937018,-0.193953,18.2871
0.356314,1.03292,-0.195474,16.1573
0.399147,1.15709,-0.198558,13.8354
0.432413,1.25353,-0.193107,12.338
0.531442,1.5406,-0.183622,8.97292
0.616738,1.78787,-0.182107,7.00574
0.676918,1.96232,-0.132157,5.98453
0.677528,1.96409,-0.0984995,5.98453
0.6747,1.95589,-0.0645044,6.03549
0.675027,1.95684,0.00258051,6.03549
0.674645,1.95574,0.069663,6.03549
0.680703,1.97329,0.104178,5.93418
0.0872215,0.301612,-0.214062,40.1452
0.0797236,0.275685,-0.182324,41.7879
0.101852,0.352204,-0.224674,38.0422
0.083715,0.289487,-0.178014,41.3822
0.0965777,0.333966,-0.197837,39.3082
0.0974557,0.337002,-0.192177,39.3082
0.105681,0.365446,-0.200451,38.0422
0.0966562,0.334238,-0.176189,39.7276
0.10743,0.371494,-0.188018,38.0422
0.120851,0.417904,-0.202857,35.9278
0.130278,0.4505,-0.200443,34.67
0.136306,0.471348,-0.200378,33.8403
0.137191,0.474406,-0.1924,33.8403
0.145852,0.504358,-0.194808,32.6132
0.196405,0.679169,-0.24937,25.5695
0.173007,0.598257,-0.186163,29.0994
0.187193,0.647314,-0.189588,27.2777
0.198766,0.687333,-0.188851,25.8944
0.215773,0.746144,-0.191601,23.9464
0.23556,0.814569,-0.194651,21.8653
0.260862,0.90206,-0.199595,19.4801
0.272631,0.94276,-0.192033,18.5185
0.289867,1.00236,-0.186669,17.1814
0.318091,1.09996,-0.185748,15.209
0.357372,1.23579,-0.187342,12.9099
0.472053,1.63236,-0.191459,8.37385
0.541984,1.87418,-0.187858,6.63947
0.588278,2.03427,-0.100394,5.78672
0.588938,2.03655,0.00264285,5.78672
0.586072,2.02664,0.0368246,5.83528
0.583052,2.0162,0.0706726,5.88443
0.585432,2.02443,0.105175,5.83528
0.0642718,0.27347,-0.191529,41.7879
0.0707064,0.300849,-0.203447,40.5604
0.0733826,0.312236,-0.203774,40.1452
0.0760792,0.32371,-0.203774,39.7276
0.0768248,0.326882,-0.198359,39.7276
0.0755617,0.321508,-0.187945,40.1452
0.0802617,0.341506,-0.192177,39.3082
0.0850119,0.361717,-0.19579,38.4651
0.0877678,0.373443,-0.19426,38.0422
0.0905341,0.385214,-0.19239,37.6189
0.0995297,0.423489,-0.202857,35.9278
0.105189,0.447569,-0.196513,35.0877
0.112258,0.477647,-0.200378,33.8403
0.11725,0.498887,-0.19966,33.0196
0.125142,0.532465,-0.192926,31.809
0.134519,0.572366,-0.196729,30.2393
0.135231,0.575394,-0.187175,30.2393
0.140291,0.596925,-0.183299,29.4756
0.156369,0.665335,-0.192297,26.9256
0.159274,0.677694,-0.183747,26.5777
0.182147,0.775018,-0.196391,23.3309
0.198461,0.84443,-0.199125,21.3077
0.2126,0.904593,-0.197516,19.7297
0.235758,1.00313,-0.201634,17.3958
0.238727,1.01576,-0.186669,17.1814
0.268746,1.14349,-0.190552,14.6741
0.303378,1.29084,-0.193107,12.338
0.397864,1.69287,-0.195938,8.05639
0.446363,1.89923,-0.187858,6.63947
0.486337,2.06931,-0.135334,5.73873
0.48906,2.0809,-0.101341,5.69131
0.489371,2.08223,-0.0666857,5.69131
0.491897,2.09297,0.00268024,5.64446
0.487247,2.07319,0.0371736,5.73873
0.487045,2.07233,0.0716822,5.73873
0.489001,2.08065,0.10667,5.69131
0.0473772,0.260117,-0.180262,42.5865
0.0523845,0.287609,-0.19245,41.3822
0.0529365,0.29064,-0.187687,41.3822
0.0580581,0.318759,-0.198549,40.1452
0.0539986,0.296471,-0.178014,41.3822
0.0622954,0.342023,-0.197837,39.3082
0.0660048,0.362389,-0.201786,38.4651
0.071338,0.39167,-0.209775,37.1955
0.0687405,0.377409,-0.19426,38.0422
0.064461,0.353913,-0.1749,39.3082
0.0714565,0.392321,-0.185952,37.6189
0.0879216,0.48272,-0.200378,33.8403
0.0884919,0.485851,-0.1924,33.8403
0.092399,0.507302,-0.191329,33.0196
0.107622,0.590884,-0.190194,29.8556
0.113311,0.622117,-0.189027,28.727
0.129942,0.713428,-0.191404,25.5591
0.14092,0.773697,-0.193996,23.6365
0.150197,0.824632,-0.192413,22.1502
0.163005,0.894954,-0.193358,20.2402
0.181131,0.994469,-0.197794,17.8347
0.194028,1.06528,-0.193713,16.3559
0.214022,1.17505,-0.193754,14.3309
0.232289,1.27534,-0.188783,12.7637
0.308049,1.6913,-0.193699,8.21297
0.340677,1.87043,-0.183065,6.94274
0.389845,2.14038,-0.138511,5.50717
0.388406,2.13248,-0.102761,5.55239
0.390444,2.14367,-0.0679321,5.50717
0.385258,2.1152,0.00268024,5.64446
0.3852,2.11488,0.0375227,5.64446
0.38504,2.114,0.0723552,5.64446
0.384779,2.11257,0.107169,5.64446
0.0426771,0.327728,-0.225328,39.3082
0.0399073,0.306459,-0.203447,40.5604
0.0403278,0.309688,-0.198412,40.5604
0.0374347,0.287471,-0.17765,41.7879
0.0422488,0.324439,-0.193273,40.1452
0.0471369,0.361976,-0.207729,38.4651
0.0430354,0.33048,-0.182568,40.1452
0.0456966,0.350916,-0.186466,39.3082
0.0460808,0.353867,-0.180707,39.3082
0.0522595,0.401315,-0.196763,37.1955
0.0526644,0.404424,-0.190178,37.1955
0.0629318,0.483269,-0.208303,33.8403
0.0609685,0.468193,-0.192817,34.67
0.0649736,0.498949,-0.19603,33.4287
0.066586,0.511331,-0.191329,33.0196
0.070631,0.542393,-0.192926,31.809
0.0759237,0.583038,-0.196729,30.2393
0.0800186,0.614484,-0.196231,29.0994
0.0841304,0.646059,-0.194756,27.9943
0.08577,0.65865,-0.18688,27.6339
0.0898954,0.69033,-0.183747,26.5777
0.095283,0.731703,-0.182021,25.2281
0.100686,0.773192,-0.178989,23.9464
0.106099,0.814765,-0.174646,22.7322
0.116589,0.895318,-0.17667,20.5012
0.125841,0.966369,-0.174342,18.7535
0.137662,1.05714,-0.172938,16.7623
0.153339,1.17753,-0.172931,14.5012
0.193761,1.48794,-0.169066,10.2539
0.226224,1.73723,-0.168689,7.97967
0.324752,2.49385,-0.160113,4.23884
0.348262,2.67439,-0.12786,3.73329
0.343321,2.63645,-0.0828897,3.83773
0.367966,2.82571,0.0497394,3.3765
0.424599,3.26061,0.11072,2.57719
0.408835,3.13955,0.158011,2.76501
0.0214691,0.271812,-0.185896,42.1895
0.0223612,0.283106,-0.186951,41.7879
0.0252552,0.319747,-0.203774,40.1452
0.0255119,0.322997,-0.198549,40.1452
0.0264399,0.334746,-0.198359,39.7276
0.0273739,0.346571,-0.197837,39.3082
0.025551,0.323492,-0.177764,40.5604
0.0292575,0.370419,-0.19579,38.4651
0.0295035,0.373534,-0.189742,38.4651
0.0318662,0.403446,-0.196763,37.1955
0.034254,0.433677,-0.202857,35.9278
0.0347536,0.440003,-0.188652,35.9278
0.0371766,0.47068,-0.192817,34.67
0.0381515,0.483022,-0.18877,34.2541
0.0413402,0.523394,-0.194808,32.6132
0.0445536,0.564077,-0.199579,31.0174
0.0470426,0.595589,-0.199902,29.8556
0.0465408,0.589236,-0.187175,30.2393
0.0490368,0.620837,-0.186163,29.0994
0.0515418,0.652552,-0.184172,27.9943
0.0532927,0.67472,-0.178643,27.2777
0.060394,0.764626,-0.189206,24.2604
0.0659995,0.835596,-0.192413,22.1502
0.0708575,0.897102,-0.191279,20.5012
0.0726378,0.919641,-0.180511,19.9831
0.0782842,0.991129,-0.177864,18.2871
0.0854961,1.08243,-0.17614,16.3559
0.0973973,1.23311,-0.180137,13.6752
0.125191,1.585,-0.179143,9.3423
0.147349,1.86553,-0.18019,7.13421
0.205095,2.59664,-0.165832,3.97438
0.20764,2.62885,-0.125019,3.89156
0.206298,2.61186,0.00326616,3.94649
0.206267,2.61147,0.0457253,3.94649
0.20382,2.5805,0.0871628,4.03103
0.205255,2.59866,0.130098,3.97438
0.00860468,0.305587,-0.208428,40.5604
0.00893372,0.317273,-0.208945,40.1452
0.00879028,0.312179,-0.198412,40.5604
0.00887963,0.315352,-0.193324,40.5604
0.00920899,0.327049,-0.193273,40.1452
0.0102745,0.364888,-0.207729,38.4651
0.0106147,0.376972,-0.20659,38.0422
0.0104585,0.371426,-0.19579,38.4651
0.0105465,0.374549,-0.189742,38.4651
0.011391,0.404543,-0.196763,37.1955
0.0119895,0.425796,-0.198631,36.3496
0.0124232,0.441198,-0.188652,35.9278
0.0135499,0.481213,-0.196597,34.2541
0.0136378,0.484335,-0.18877,34.2541
0.0142499,0.506072,-0.18785,33.4287
0.0145992,0.518476,-0.182947,33.0196
0.0157484,0.559289,-0.18721,31.4116
0.0166367,0.590837,-0.187175,30.2393
0.0180683,0.641678,-0.191891,28.3587
0.0189663,0.67357,-0.189588,27.2777
0.020411,0.724878,-0.191404,25.5591
0.0202224,0.718178,-0.177231,25.8944
0.0222209,0.789154,-0.181226,23.6365
0.0239525,0.850651,-0.180883,21.8653
0.0265179,0.94176,-0.184351,19.4801
0.0296463,1.05286,-0.18843,16.9703
0.0325067,1.15445,-0.187349,15.028
0.0370443,1.3156,-0.191666,12.4778
0.0472688,1.67871,-0.18922,8.53917
0.0563144,1.99995,-0.19265,6.35472
0.0722559,2.5661,-0.121704,4.08887
0.0720205,2.55774,-0.0797735,4.11824
0.0712003,2.52861,0.0441546,4.20821
0.0711708,2.52757,0.0851436,4.20821
0.0705604,2.50589,0.125113,4.26979
-0.0059538,0.264329,-0.180262,42.5865
-0.00695924,0.308968,-0.203447,40.5604
-0.00665243,0.295346,-0.187687,41.3822
-0.00768005,0.34097,-0.208999,39.3082
-0.00717367,0.318488,-0.188187,40.5604
-0.00743711,0.330184,-0.187945,40.1452
-0.00750473,0.333186,-0.182568,40.1452
-0.00757036,0.3361,-0.177143,40.1452
-0.00883939,0.39244,-0.198778,37.6189
-0.00891077,0.395609,-0.19239,37.6189
-0.00959206,0.425857,-0.198631,36.3496
-0.0103532,0.459647,-0.196513,35.0877
-0.0108405,0.481282,-0.196597,34.2541
-0.0111206,0.493719,-0.1924,33.8403
-0.0116116,0.515518,-0.191329,33.0196
-0.0140238,0.622613,-0.186163,29.0994
-0.014957,0.664042,-0.18688,27.6339
-0.0158941,0.705649,-0.186299,26.2339
-0.0172718,0.766813,-0.189206,24.2604
-0.0177776,0.789266,-0.181226,23.6365
-0.020044,0.889889,-0.1892,20.7661
-0.0209944,0.932083,-0.182431,19.7297
-0.0237182,1.05301,-0.18843,16.9703
-0.0255621,1.13487,-0.184146,15.3929
-0.0294141,1.30589,-0.190224,12.6196
-0.0369218,1.63921,-0.184741,8.88376
-0.0430364,1.91068,-0.184024,6.88053
-0.0561824,2.49432,-0.158843,4.30108
-0.0569078,2.52652,-0.119809,4.20821
-0.056944,2.52813,-0.0788387,4.20821
-0.0560624,2.48899,0.0434565,4.33269
-0.0562642,2.49795,0.084134,4.30108
-0.0557763,2.47629,0.123618,4.36465
-0.0193342,0.263689,-0.180262,42.5865
-0.0207669,0.283228,-0.186951,41.7879
-0.0240719,0.328302,-0.209137,39.7276
-0.0218225,0.297625,-0.182875,41.3822
-0.0251844,0.343476,-0.203445,39.3082
-0.0254222,0.346719,-0.197837,39.3082
-0.0256533,0.349871,-0.192177,39.3082
-0.0271716,0.370578,-0.19579,38.4651
-0.0287048,0.391489,-0.198778,37.6189
-0.028279,0.385681,-0.188018,38.0422
-0.0284981,0.388669,-0.181726,38.0422
-0.0352031,0.480115,-0.196597,34.2541
-0.0374756,0.511108,-0.19966,33.0196
-0.0416082,0.567471,-0.190383,31.0174
-0.0453141,0.618013,-0.196231,29.0994
-0.0462413,0.630659,-0.189027,28.727
-0.049275,0.672033,-0.189588,27.2777
-0.0560882,0.764954,-0.189206,24.2604
-0.0605813,0.826234,-0.190176,22.4391
-0.0643752,0.877976,-0.187121,21.0349
-0.069612,0.949398,-0.186272,19.2342
-0.0741426,1.01119,-0.181386,17.8347
-0.0822879,1.12228,-0.182545,15.5796
-0.0933478,1.27312,-0.185901,13.0583
-0.117719,1.6055,-0.181383,9.15503
-0.141939,1.93583,-0.186899,6.6986
-0.180256,2.45841,-0.156937,4.39695
-0.181149,2.47059,-0.117442,4.36465
-0.0357273,0.286968,-0.197162,41.3822
-0.0361174,0.290101,-0.19245,41.3822
-0.036498,0.293158,-0.187687,41.3822
-0.036869,0.296138,-0.182875,41.3822
-0.0361665,0.290496,-0.172928,41.7879
-0.0429506,0.344987,-0.197837,39.3082
-0.0465917,0.374232,-0.20659,38.0422
-0.0469992,0.377505,-0.200451,38.0422
-0.0462921,0.371826,-0.189742,38.4651
-0.0499992,0.401602,-0.196763,37.1955
-0.0492669,0.39572,-0.185952,37.6189
-0.0545297,0.437992,-0.188652,35.9278
-0.0583315,0.468529,-0.192817,34.67
-0.0610123,0.490061,-0.1924,33.8403
-0.0637061,0.511698,-0.191329,33.0196
-0.0675761,0.542783,-0.192926,31.809
