0.16156,0.243642,-0.19245,41.3822
0.163262,0.24621,-0.187687,41.3822
0.18377,0.277137,-0.203774,39.7276
0.180812,0.272677,-0.193273,40.1452
0.16811,0.253521,-0.173107,41.3822
0.203566,0.306991,-0.201786,38.4651
0.212003,0.319715,-0.19426,38.0422
0.223655,0.337287,-0.196763,37.1955
0.235406,0.355007,-0.198631,36.3496
0.237154,0.357643,-0.191701,36.3496
0.243921,0.367849,-0.188652,35.9278
0.27116,0.408927,-0.200378,33.8403
0.283217,0.427111,-0.19966,33.0196
0.29015,0.437565,-0.194808,32.6132
0.30228,0.455858,-0.192926,31.809
0.352993,0.532337,-0.202269,28.3587
0.370643,0.558954,-0.200484,27.2777
0.398989,0.601702,-0.20313,25.5591
0.427473,0.644658,-0.204164,23.9464
0.461439,0.695881,-0.205972,22.1502
0.479382,0.72294,-0.199125,21.3077
0.540564,0.815207,-0.207912,18.5185
0.56405,0.850625,-0.199714,17.6136
0.614725,0.927046,-0.198997,15.7692
0.687343,1.03656,-0.20176,13.5175
0.787496,1.1876,-0.207518,11.0494
0.882427,1.33076,-0.206167,9.24801
0.988499,1.49072,-0.201536,7.68285
1.07819,1.62598,-0.187858,6.63947
1.11829,1.68646,-0.161795,6.24568
1.10856,1.67179,-0.12771,6.35472
1.10404,1.66497,-0.0947111,6.41026
1.11027,1.67436,-0.0626347,6.35472
1.11068,1.67499,-0.0300683,6.35472
1.10528,1.66684,0.00249325,6.41026
1.09959,1.65825,0.0347303,6.46649
1.09913,1.65757,0.0669707,6.46649
1.10943,1.67309,0.10019,6.35472
0.155826,0.263013,-0.208428,40.5604
0.157527,0.265885,-0.203447,40.5604
0.150582,0.254163,-0.187687,41.3822
0.139074,0.234739,-0.1672,42.5865
0.149215,0.251855,-0.172928,41.7879
0.177204,0.299097,-0.197837,39.3082
0.174345,0.294271,-0.187372,39.7276
0.17587,0.296845,-0.181805,39.7276
0.19099,0.322367,-0.189742,38.4651
0.220037,0.371394,-0.20988,35.9278
0.207883,0.35088,-0.190178,37.1955
0.228043,0.384906,-0.199859,35.5071
0.234351,0.395553,-0.196513,35.0877
0.245381,0.414171,-0.196597,34.2541
0.256472,0.432891,-0.19603,33.4287
0.277173,0.467831,-0.201765,31.809
0.28361,0.478697,-0.196253,31.4116
0.309363,0.522164,-0.203075,29.4756
0.315859,0.533129,-0.196231,29.0994
0.332089,0.560524,-0.194756,27.9943
0.353281,0.596293,-0.195005,26.5777
0.389345,0.657163,-0.201612,24.2604
0.415703,0.701653,-0.201182,22.7322
0.432214,0.729522,-0.194651,21.8653
0.458695,0.774217,-0.191279,20.5012
0.520242,0.878101,-0.199714,17.6136
0.571999,0.96546,-0.200758,15.5796
0.628928,1.06155,-0.200159,13.6752
0.685983,1.15785,-0.195989,12.0647
0.773451,1.30548,-0.195922,10.0411
0.891466,1.50468,-0.197058,7.97967
1.0046,1.69563,-0.189775,6.52343
1.05176,1.77524,-0.164983,6.03549
1.04281,1.76013,-0.130251,6.1393
1.02848,1.73594,-0.0956582,6.29986
1.03932,1.75424,-0.0635695,6.19217
1.02952,1.73769,-0.0302179,6.29986
1.02963,1.73789,0.00251818,6.29986
1.04477,1.76343,0.0357774,6.1393
1.03414,1.7455,0.0683168,6.24568
1.03854,1.75291,0.101685,6.19217
0.134612,0.255943,-0.197162,41.3822
0.151634,0.288307,-0.214444,39.7276
0.149303,0.283875,-0.203774,40.1452
0.146851,0.279214,-0.193324,40.5604
0.156306,0.297191,-0.198359,39.7276
0.161828,0.307689,-0.197837,39.3082
0.171464,0.32601,-0.201786,38.4651
0.177082,0.336692,-0.200451,38.0422
0.174418,0.331627,-0.189742,38.4651
0.184199,0.350224,-0.19239,37.6189
0.202501,0.385023,-0.202857,35.9278
0.212505,0.404043,-0.203938,35.0877
0.218296,0.415054,-0.200443,34.67
0.224089,0.426068,-0.196597,34.2541
0.234217,0.445325,-0.19603,33.4287
0.240029,0.456376,-0.191329,33.0196
0.250221,0.475754,-0.1896,32.2096
0.264861,0.50359,-0.190383,31.0174
0.297326,0.565318,-0.202269,28.3587
0.303273,0.576624,-0.194756,27.9943
0.318145,0.604901,-0.192297,26.9256
0.342058,0.650367,-0.193956,25.2281
0.361554,0.687436,-0.191601,23.9464
0.421931,0.802234,-0.208075,20.2402
0.437105,0.831084,-0.199595,19.4801
0.470531,0.894638,-0.197794,17.8347
0.513201,0.975768,-0.197236,15.9618
0.565165,1.07457,-0.196957,13.998
0.795608,1.51272,-0.192579,8.29286
0.926694,1.76196,-0.191692,6.41026
0.955859,1.81741,-0.164186,6.08708
0.970908,1.84602,-0.132792,5.93418
0.962483,1.83,-0.0980259,6.03549
0.963096,1.83117,-0.0645044,6.03549
0.968111,1.8407,-0.0311154,5.98453
0.963563,1.83206,0.00258051,6.03549
0.963417,1.83178,0.0361265,6.03549
0.958366,1.82218,0.0693264,6.08708
0.962366,1.82978,0.103181,6.03549
0.149242,0.322417,-0.242228,38.0422
0.140345,0.303197,-0.219942,39.3082
0.131187,0.283413,-0.198412,40.5604
0.154011,0.332719,-0.224674,38.0422
0.13382,0.289099,-0.188187,40.5604
0.138734,0.299716,-0.187945,40.1452
0.143679,0.310399,-0.187372,39.7276
0.159801,0.345229,-0.200451,38.0422
0.16864,0.364323,-0.203295,37.1955
0.166224,0.359104,-0.19239,37.6189
0.171319,0.370111,-0.190178,37.1955
0.191768,0.414288,-0.203938,35.0877
0.193131,0.417233,-0.196513,35.0877
0.202221,0.436871,-0.196597,34.2541
0.215275,0.465072,-0.19966,33.0196
0.224483,0.484964,-0.198286,32.2096
0.241649,0.522049,-0.202905,30.6266
0.242998,0.524965,-0.193556,30.6266
0.268312,0.579651,-0.202269,28.3587
0.285752,0.617329,-0.203348,26.9256
0.279012,0.602767,-0.18688,27.6339
0.320863,0.693181,-0.201612,24.2604
0.338507,0.731298,-0.198787,23.0295
0.352098,0.76066,-0.192413,22.1502
0.406777,0.878786,-0.205833,18.7535
0.43286,0.935134,-0.201634,17.3958
0.483796,1.04517,-0.206041,15.028
0.518306,1.11973,-0.200159,13.6752
0.59858,1.29315,-0.207518,11.0494
0.670737,1.44904,-0.206167,9.24801
0.776409,1.67733,-0.208254,7.26605
0.873895,1.88793,-0.200318,5.93418
0.891893,1.92681,-0.169765,5.73873
0.888739,1.92,-0.134699,5.78672
0.889539,1.92173,-0.100394,5.78672
0.890106,1.92295,-0.0660624,5.78672
0.890439,1.92367,-0.0317138,5.78672
0.890538,1.92389,0.00264285,5.78672
0.890403,1.92359,0.0369991,5.78672
0.885836,1.91373,0.0710091,5.83528
0.876845,1.8943,0.104178,5.93418
0.123461,0.306569,-0.225328,39.3082
0.109208,0.271177,-0.19245,41.3822
0.107205,0.266205,-0.182324,41.7879
0.124221,0.308456,-0.203774,39.7276
0.112572,0.279532,-0.178014,41.3822
0.120129,0.298296,-0.182999,40.5604
0.127773,0.317278,-0.187372,39.7276
0.15533,0.385705,-0.219098,36.3496
0.159969,0.397224,-0.216848,35.9278
0.147822,0.367062,-0.19239,37.6189
0.165896,0.411941,-0.207083,35.5071
0.153484,0.381122,-0.183544,37.1955
0.17175,0.426479,-0.196513,35.0877
0.183293,0.45514,-0.200378,33.8403
0.181001,0.449449,-0.18877,34.2541
0.196129,0.487015,-0.194808,32.6132
0.200806,0.498627,-0.1896,32.2096
0.209012,0.519005,-0.18721,31.4116
0.227925,0.565968,-0.193212,29.4756
0.254118,0.63101,-0.203348,26.9256
0.255316,0.633984,-0.192297,26.9256
0.278118,0.690605,-0.196508,24.9013
0.286525,0.71148,-0.189206,24.2604
0.313119,0.777517,-0.192413,22.1502
0.354437,0.880115,-0.201674,19.2342
0.404497,1.00442,-0.193713,16.3559
0.449865,1.11708,-0.195355,14.1632
0.491652,1.22084,-0.191666,12.4778
0.55573,1.37995,-0.192081,10.3627
0.638487,1.58545,-0.192579,8.29286
0.765996,1.90207,-0.197442,6.08708
0.808051,2.0065,-0.172953,5.55239
0.805264,1.99958,-0.13724,5.59815
0.805989,2.00138,-0.102288,5.59815
0.799035,1.98411,-0.0666857,5.69131
0.806804,2.0034,-0.0323122,5.59815
0.795687,1.9758,0.00265531,5.73873
0.799302,1.98477,0.0373481,5.69131
0.798971,1.98395,0.0720187,5.69131
0.790968,1.96408,0.105673,5.78672
0.102386,0.296808,-0.214062,40.1452
0.0926087,0.268464,-0.186951,41.7879
0.104594,0.30321,-0.203774,40.1452
0.11956,0.346593,-0.224674,38.0422
0.103885,0.301154,-0.188187,40.5604
0.119037,0.345078,-0.207729,38.4651
0.120119,0.348215,-0.201786,38.4651
0.128007,0.371082,-0.198778,37.6189
0.123176,0.357075,-0.183645,38.4651
0.138907,0.402679,-0.198631,36.3496
0.146931,0.425938,-0.192582,35.5071
0.160005,0.463839,-0.200378,33.8403
0.16712,0.484465,-0.19966,33.0196
0.17121,0.496323,-0.194808,32.6132
0.175293,0.508158,-0.1896,32.2096
0.185549,0.53789,-0.190383,31.0174
0.195858,0.567773,-0.190194,29.8556
0.218708,0.634014,-0.200484,27.2777
0.216599,0.627902,-0.18688,27.6339
0.236477,0.685524,-0.191404,25.5591
0.246955,0.715901,-0.186811,24.5787
0.270159,0.783165,-0.190176,22.4391
0.293456,0.850703,-0.191279,20.5012
0.320031,0.927741,-0.192033,18.5185
0.346684,1.00501,-0.190191,16.7623
0.370176,1.07311,-0.184146,15.3929
0.413052,1.1974,-0.18446,13.2091
0.45925,1.33132,-0.181836,11.2921
0.524961,1.52181,-0.181383,9.15503
0.632968,1.83492,-0.186899,6.6986
0.747645,2.16735,-0.183314,5.0035
0.83313,2.41517,-0.162655,4.11824
0.872969,2.53066,-0.126913,3.78499
0.831152,2.40943,-0.0794619,4.14791
0.81516,2.36307,-0.0373984,4.30108
0.834816,2.42006,0.00319136,4.11824
1.0564,3.06242,0.0565458,2.65309
1.05597,3.06115,0.109038,2.65309
1.03571,3.00243,0.15851,2.7486
0.0803356,0.277801,-0.197162,41.3822
0.0881738,0.304905,-0.208945,40.1452
0.0773788,0.267576,-0.176962,42.1895
0.0947458,0.327632,-0.208999,39.3082
0.0884988,0.306029,-0.188187,40.5604
0.0965777,0.333966,-0.197837,39.3082
0.0901465,0.311727,-0.177764,40.5604
0.098308,0.33995,-0.186466,39.3082
0.10657,0.368519,-0.19426,38.0422
0.109929,0.380134,-0.19239,37.6189
0.120851,0.417904,-0.202857,35.9278
0.121749,0.421008,-0.19578,35.9278
0.132832,0.459334,-0.204373,34.2541
0.131163,0.453562,-0.192817,34.67
0.142368,0.492308,-0.19966,33.0196
0.148457,0.513364,-0.198286,32.2096
0.162429,0.561681,-0.206232,30.2393
0.165971,0.573928,-0.199902,29.8556
0.166849,0.576964,-0.190194,29.8556
0.180991,0.625869,-0.194756,27.9943
0.187193,0.647314,-0.189588,27.2777
0.198766,0.687333,-0.188851,25.8944
0.215773,0.746144,-0.191601,23.9464
0.238268,0.823932,-0.196888,21.5845
0.24184,0.836285,-0.185041,21.3077
0.267178,0.923904,-0.188192,18.9921
0.309865,1.07151,-0.180944,15.7692
0.357372,1.23579,-0.187342,12.9099
0.393985,1.3624,-0.183117,11.1699
0.461011,1.59418,-0.186981,8.70909
0.566871,1.96024,-0.196484,6.1393
0.678448,2.34608,-0.195269,4.46259
0.779045,2.69394,-0.178539,3.4666
0.838019,2.89787,-0.143014,3.02944
0.871873,3.01494,-0.0978472,2.81511
0.869421,3.00646,-0.0468228,2.8321
0.847294,2.92995,0.00380221,2.97367
0.949936,3.28488,0.0596872,2.39419
0.941213,3.25472,0.114086,2.43468
0.868437,3.00306,0.156017,2.8321
0.0699428,0.2976,-0.208428,40.5604
0.0630625,0.268325,-0.181453,42.1895
0.0714515,0.304019,-0.198412,40.5604
0.0721777,0.307109,-0.193324,40.5604
0.0768248,0.326882,-0.198359,39.7276
0.0775502,0.329968,-0.192891,39.7276
0.0742421,0.315893,-0.177764,40.5604
0.0769155,0.327268,-0.177143,40.1452
0.0857267,0.364758,-0.189742,38.4651
0.0987645,0.420233,-0.20988,35.9278
0.0974562,0.414666,-0.198631,36.3496
0.100269,0.426634,-0.19578,35.9278
0.105189,0.447569,-0.196513,35.0877
0.11014,0.468635,-0.196597,34.2541
0.112986,0.480746,-0.1924,33.8403
0.117975,0.501971,-0.191329,33.0196
0.122984,0.523285,-0.1896,32.2096
0.132349,0.563134,-0.193556,30.6266
0.137412,0.584675,-0.190194,29.8556
0.149059,0.634233,-0.194756,27.9943
0.151964,0.646593,-0.18688,27.6339
0.16591,0.705931,-0.191404,25.5591
0.177705,0.756115,-0.191601,23.9464
0.191771,0.815966,-0.192413,22.1502
0.2126,0.904593,-0.197516,19.7297
0.217795,0.926697,-0.186272,19.2342
0.236474,1.00618,-0.184908,17.3958
0.257454,1.09544,-0.182545,15.5796
0.280737,1.19451,-0.178696,13.8354
0.322206,1.37096,-0.181836,11.2921
0.377402,1.60581,-0.185861,8.79582
0.450917,1.91861,-0.189775,6.52343
0.524541,2.23187,-0.183314,5.0035
0.591367,2.51621,-0.164561,4.03103
0.59647,2.53792,-0.123598,3.97438
0.599137,2.54927,-0.0816432,3.94649
0.599361,2.55022,-0.0391935,3.94649
0.613155,2.60891,0.00334096,3.78499
0.626787,2.66692,0.0478196,3.63295
0.727138,3.0939,0.107018,2.7486
0.708365,3.01402,0.154522,2.88401
0.0547799,0.30076,-0.208428,40.5604
0.0568746,0.312261,-0.208945,40.1452
0.0529365,0.29064,-0.187687,41.3822
0.0565303,0.310371,-0.193324,40.5604
0.0524558,0.288,-0.172928,41.7879
0.0576232,0.316371,-0.182999,40.5604
0.0628617,0.345132,-0.192177,39.3082
0.0697527,0.382966,-0.205113,37.6189
0.0687405,0.377409,-0.19426,38.0422
0.0709072,0.389305,-0.19239,37.6189
0.0763286,0.41907,-0.198631,36.3496
0.0785314,0.431165,-0.19578,35.9278
0.0823851,0.452322,-0.196513,35.0877
0.0879216,0.48272,-0.200378,33.8403
0.0901616,0.495018,-0.19603,33.4287
0.0991189,0.544197,-0.205244,31.4116
0.098012,0.53812,-0.192926,31.809
0.101958,0.559785,-0.190383,31.0174
0.109331,0.600263,-0.193212,29.4756
0.115028,0.631543,-0.191891,28.3587
0.11902,0.65346,-0.18688,27.6339
0.126477,0.694403,-0.186299,26.2339
0.142659,0.783249,-0.196391,23.3309
0.15369,0.84381,-0.196888,21.5845
0.1595,0.875707,-0.1892,20.7661
0.175855,0.965504,-0.192033,18.5185
0.188737,1.03623,-0.18843,16.9703
0.208716,1.14592,-0.18895,14.8497
0.232289,1.27534,-0.188783,12.7637
0.264795,1.45382,-0.1908,10.473
0.313391,1.72063,-0.197058,7.97967
0.360297,1.97816,-0.193608,6.29986
0.416184,2.285,-0.185705,4.888
0.464952,2.55275,-0.165196,4.00256
0.463581,2.54522,-0.122651,4.03103
0.472832,2.59601,-0.0822664,3.89156
0.467633,2.56747,-0.0390439,3.97438
0.473061,2.59727,0.00329109,3.89156
0.469406,2.5772,0.0457253,3.94649
0.565919,3.10709,0.106345,2.78156
0.551219,3.02638,0.153525,2.91939
0.0352086,0.270376,-0.185896,42.1895
0.035593,0.273328,-0.181453,42.1895
0.0403278,0.309688,-0.198412,40.5604
0.0418387,0.321291,-0.198549,40.1452
0.0500314,0.384204,-0.228875,37.1955
0.0448923,0.344739,-0.197837,39.3082
0.0441679,0.339177,-0.187372,39.7276
0.0422694,0.324597,-0.172481,40.5604
0.0483849,0.37156,-0.189742,38.4651
0.0545822,0.419151,-0.205508,36.3496
0.0561754,0.431385,-0.202857,35.9278
0.0565925,0.434589,-0.19578,35.9278
0.060557,0.465033,-0.200443,34.67
0.062164,0.477373,-0.196597,34.2541
0.0649736,0.498949,-0.19603,33.4287
0.0677967,0.520628,-0.194808,32.6132
0.0694132,0.533042,-0.1896,32.2096
0.07225,0.554826,-0.18721,31.4116
0.0787876,0.60503,-0.193212,29.4756
0.0841304,0.646059,-0.194756,27.9943
0.0907421,0.696832,-0.197714,26.2339
0.0948896,0.728682,-0.193956,25.2281
0.0990442,0.760586,-0.189206,24.2604
0.103203,0.792521,-0.183464,23.3309
0.11873,0.911761,-0.195437,19.9831
0.121658,0.934245,-0.184351,19.4801
0.132197,1.01518,-0.183147,17.6136
0.146584,1.12566,-0.184146,15.3929
0.16484,1.26585,-0.185901,13.0583
0.181856,1.39652,-0.181836,11.2921
0.202744,1.55692,-0.176904,9.53493
0.248075,1.90503,-0.184982,6.81912
0.29863,2.29326,-0.184908,4.92607
0.34666,2.66209,-0.170915,3.75901
0.345682,2.65458,-0.126913,3.78499
0.347193,2.66618,-0.0838245,3.75901
0.342158,2.62752,-0.0396423,3.86451
0.352526,2.70714,0.00340329,3.65766
0.382168,2.93477,0.0516591,3.1457
0.385882,2.96329,0.100624,3.08677
0.38691,2.97118,0.149537,3.06748
0.024722,0.312996,-0.214062,40.1452
0.0256496,0.32474,-0.214444,39.7276
0.0245906,0.311333,-0.198412,40.5604
0.0268547,0.339997,-0.208999,39.3082
0.0284737,0.360495,-0.213617,38.4651
0.0260052,0.329242,-0.187945,40.1452
0.0276227,0.349721,-0.192177,39.3082
0.0257745,0.326322,-0.172481,40.5604
0.0280986,0.355746,-0.180707,39.3082
0.0332825,0.421377,-0.205508,36.3496
0.034254,0.433677,-0.202857,35.9278
0.0352272,0.445999,-0.199859,35.5071
0.0371766,0.47068,-0.192817,34.67
0.0403525,0.510889,-0.19966,33.0196
0.0413402,0.523394,-0.194808,32.6132
0.0452962,0.573479,-0.202905,30.6266
0.0455492,0.576681,-0.193556,30.6266
0.0465408,0.589236,-0.187175,30.2393
0.0520544,0.659042,-0.19762,27.6339
0.0538157,0.681341,-0.192297,26.9256
0.058622,0.742191,-0.196508,24.9013
0.0611585,0.774305,-0.191601,23.9464
0.0652321,0.82588,-0.190176,22.4391
0.0754787,0.955608,-0.203753,18.9921
0.0765015,0.968558,-0.190112,18.7535
0.0837099,1.05982,-0.190191,16.7623
0.0940457,1.19068,-0.193754,14.3309
0.103631,1.31203,-0.191666,12.4778
0.114794,1.45337,-0.188239,10.6986
0.132233,1.67416,-0.18922,8.53917
0.157538,1.99453,-0.19265,6.35472
0.183665,2.32531,-0.186502,4.85036
0.218454,2.76577,-0.176633,3.5365
0.22101,2.79813,-0.133069,3.4666
0.220364,2.78995,-0.0872523,3.48967
0.220447,2.79099,-0.0418862,3.48967
0.218863,2.77095,0.0485177,3.5365
0.219559,2.77976,0.0938936,3.51297
0.218624,2.76792,0.138571,3.5365
0.00883724,0.313846,-0.214062,40.1452
0.00893372,0.317273,-0.208945,40.1452
0.00783998,0.27843,-0.176962,42.1895
0.00887963,0.315352,-0.193324,40.5604
0.00945133,0.335655,-0.198359,39.7276
0.0097852,0.347512,-0.197837,39.3082
0.00987416,0.350672,-0.192177,39.3082
0.00871546,0.309521,-0.163158,41.3822
0.0100443,0.356713,-0.180707,39.3082
0.0108848,0.386563,-0.188018,38.0422
0.0124997,0.443915,-0.207083,35.5071
0.0120785,0.428958,-0.191701,36.3496
0.0129408,0.459582,-0.196513,35.0877
0.0135499,0.481213,-0.196597,34.2541
0.0139001,0.493649,-0.1924,33.8403
0.0145138,0.515444,-0.191329,33.0196
0.0159264,0.56561,-0.199579,31.0174
0.0168161,0.597207,-0.199902,29.8556
0.0174417,0.619426,-0.196231,29.0994
0.0180683,0.641678,-0.191891,28.3587
0.0195082,0.692815,-0.195005,26.5777
0.0212274,0.753873,-0.19906,24.5787
0.0224086,0.795819,-0.196391,23.3309
0.0246899,0.876837,-0.201363,21.0349
0.026155,0.928872,-0.197516,19.7297
0.029004,1.03005,-0.201634,17.3958
0.0293692,1.04302,-0.186669,17.1814
0.0333402,1.18405,-0.192153,14.5012
0.0364873,1.29581,-0.188783,12.7637
0.0441057,1.56637,-0.202325,9.53493
0.0481079,1.70851,-0.192579,8.29286
0.0490299,1.74125,-0.16773,8.05639
0.0659343,2.3416,-0.187299,4.81313
0.0761234,2.70345,-0.172185,3.70783
0.0773166,2.74583,-0.130228,3.60848
0.0768032,2.72759,-0.085071,3.65766
0.0768319,2.72861,-0.040839,3.65766
0.0762775,2.70892,0.00337836,3.70783
0.0759845,2.69852,0.0471215,3.73329
0.0762343,2.70739,0.0912013,3.70783
0.0761827,2.70556,0.135082,3.70783
-0.00781436,0.346932,-0.236594,38.4651
-0.0075235,0.334019,-0.219942,39.3082
-0.00741271,0.3291,-0.209137,39.7276
-0.00710405,0.315397,-0.193324,40.5604
-0.00736755,0.327095,-0.193273,40.1452
-0.0072414,0.321495,-0.182999,40.5604
-0.00770222,0.341954,-0.187372,39.7276
-0.00856646,0.380323,-0.200451,38.0422
-0.00863849,0.383521,-0.19426,38.0422
-0.00911328,0.4046,-0.196763,37.1955
-0.00918389,0.407735,-0.190178,37.1955
-0.0100745,0.447275,-0.199859,35.5071
-0.0105602,0.46884,-0.200443,34.67
-0.0102151,0.453515,-0.185255,35.5071
-0.0115403,0.51235,-0.19966,33.0196
-0.0120338,0.534264,-0.198286,32.2096
-0.0125293,0.556262,-0.196253,31.4116
-0.0128129,0.56885,-0.190383,31.0174
-0.0135247,0.600453,-0.190194,29.8556
-0.0140238,0.622613,-0.186163,29.0994
-0.0153905,0.68329,-0.192297,26.9256
-0.0172005,0.763647,-0.201612,24.2604
-0.0179277,0.795933,-0.196391,23.3309
-0.0193139,0.857474,-0.196888,21.5845
-0.0198237,0.88011,-0.187121,21.0349
-0.0229833,1.02039,-0.199714,17.6136
-0.0241615,1.07269,-0.191952,16.5576
-0.0277849,1.23356,-0.200159,13.6752
-0.0316424,1.40482,-0.204635,11.2921
-0.0355096,1.57651,-0.203605,9.43793
-0.0369218,1.63921,-0.184741,8.88376
-0.0369844,1.64199,-0.158146,8.88376
-0.0374862,1.66427,-0.133102,8.70909
-0.0377546,1.67618,-0.106742,8.62354
-0.0377886,1.67769,-0.0795573,8.62354
-0.0384879,1.70874,-0.0532862,8.37385
-0.039628,1.75936,-0.0263285,7.97967
-0.0418843,1.85953,0.00231872,7.26605
-0.0499834,2.2191,0.0387443,5.33147
-0.0576146,2.5579,0.0861532,4.11824
-0.0593748,2.63605,0.131593,3.89156
-0.0225993,0.308219,-0.203447,40.5604
-0.0246891,0.33672,-0.214499,39.3082
-0.0243165,0.331639,-0.203774,39.7276
-0.0232956,0.317716,-0.188187,40.5604
-0.0273289,0.372723,-0.212675,38.0422
-0.025012,0.341125,-0.187372,39.7276
-0.0271716,0.370578,-0.19579,38.4651
-0.0274001,0.373694,-0.189742,38.4651
-0.0295943,0.403619,-0.196763,37.1955
-0.0298236,0.406747,-0.190178,37.1955
-0.0333834,0.455297,-0.203938,35.0877
-0.0349655,0.476874,-0.204373,34.2541
-0.0345261,0.470882,-0.192817,34.67
-0.0354315,0.483229,-0.18877,34.2541
-0.0370217,0.504917,-0.18785,33.4287
-0.0420668,0.573725,-0.202905,30.6266
-0.0429952,0.586387,-0.196729,30.2393
-0.0453141,0.618013,-0.196231,29.0994
-0.0483432,0.659325,-0.19762,27.6339
-0.0513867,0.700834,-0.197714,26.2339
-0.0516143,0.703938,-0.186299,26.2339
-0.059638,0.813369,-0.201182,22.7322
-0.0620068,0.845675,-0.194651,21.8653
-0.0700974,0.956018,-0.203753,18.9921
-0.0739179,1.00812,-0.197794,17.8347
-0.0799012,1.08973,-0.195474,16.1573
-0.0969659,1.32246,-0.193107,12.338
-0.112412,1.53312,-0.198483,9.83429
-0.117719,1.6055,-0.181383,9.15503
-0.117191,1.5983,-0.154312,9.24801
-0.118087,1.61052,-0.129117,9.15503
-0.118954,1.62235,-0.103565,9.06334
-0.119792,1.63377,-0.0776631,8.97292
-0.119868,1.63481,-0.0511049,8.97292
-0.119182,1.62545,-0.0243837,9.06334
-0.120658,1.64558,0.00205693,8.88376
-0.121371,1.6553,0.028971,8.79582
-0.122782,1.67455,0.0565381,8.62354
-0.123429,1.68338,0.0842395,8.53917
-0.0347066,0.278769,-0.191529,41.7879
-0.0392132,0.314967,-0.208945,40.1452
-0.0385836,0.30991,-0.198412,40.5604
-0.042136,0.338443,-0.208999,39.3082
-0.0372303,0.29904,-0.178014,41.3822
-0.0418769,0.336362,-0.192891,39.7276
-0.0422576,0.33942,-0.187372,39.7276
-0.0437202,0.351168,-0.186466,39.3082
-0.0462921,0.371826,-0.189742,38.4651
-0.0499992,0.401602,-0.196763,37.1955
-0.0537457,0.431695,-0.202857,35.9278
-0.0552729,0.443961,-0.199859,35.5071
-0.0545297,0.437992,-0.188652,35.9278
-0.0571878,0.459342,-0.189036,35.0877
-0.0610123,0.490061,-0.1924,33.8403
-0.0660226,0.530305,-0.198286,32.2096
-0.0687412,0.552141,-0.196253,31.4116
-0.0749831,0.602277,-0.203075,29.4756
-0.0812689,0.652766,-0.208307,27.6339
-0.0816753,0.65603,-0.19762,27.6339
-0.0844388,0.678227,-0.192297,26.9256
-0.0931746,0.748394,-0.19906,24.5787
-0.0983589,0.790035,-0.196391,23.3309
-0.105964,0.851121,-0.196888,21.5845
-0.122054,0.98036,-0.209991,18.2871
-0.126096,1.01282,-0.199714,17.6136
-0.138641,1.11359,-0.200758,15.5796
-0.15,1.20483,-0.196957,13.998
-0.165046,1.32567,-0.194548,12.2003
-0.187468,1.50578,-0.195922,10.0411
-0.195202,1.5679,-0.178024,9.43793
-0.197993,1.59031,-0.154312,9.24801
-0.198276,1.59258,-0.12832,9.24801
-0.197273,1.58453,-0.101659,9.3423
-0.198685,1.59587,-0.0762424,9.24801
-0.198812,1.59689,-0.0501701,9.24801
-0.200121,1.60741,-0.0242341,9.15503
-0.201379,1.61751,0.002032,9.06334
-0.202584,1.62719,0.0286219,8.97292
-0.204969,1.64635,0.055865,8.79582
-0.206065,1.65515,0.0832425,8.70909
-0.0502162,0.28479,-0.197162,41.3822
-0.0580165,0.329028,-0.219942,39.3082
-0.0586278,0.332495,-0.214499,39.3082
-0.0636655,0.361065,-0.224674,38.0422
-0.0568139,0.322208,-0.193273,40.1452
-0.0528227,0.299572,-0.173107,41.3822
-0.0609176,0.345481,-0.192177,39.3082
-0.0660592,0.37464,-0.200451,38.0422
-0.0666146,0.37779,-0.19426,38.0422
-0.0687142,0.389698,-0.19239,37.6189
-0.0771156,0.437344,-0.207083,35.5071
-0.0792737,0.449583,-0.203938,35.0877
-0.0782404,0.443723,-0.192582,35.5071
-0.0803797,0.455856,-0.189036,35.0877
-0.0889912,0.504694,-0.19966,33.0196
-0.0976815,0.553979,-0.208722,31.0174
-0.0966185,0.547951,-0.196253,31.4116
-0.108685,0.616385,-0.209421,28.727
-0.10926,0.619646,-0.19925,28.727
-0.116462,0.660487,-0.200484,27.2777
-0.123697,0.70152,-0.200422,25.8944
-0.127603,0.72367,-0.193956,25.2281
-0.144991,0.822285,-0.205972,22.1502
-0.159091,0.902252,-0.210312,19.9831
-0.171552,0.97292,-0.209991,18.2871
-0.180641,1.02447,-0.203555,17.1814
-0.193156,1.09544,-0.198997,15.7692
-0.203975,1.1568,-0.190552,14.6741
-0.228541,1.29612,-0.191666,12.4778
-0.251439,1.42598,-0.186958,10.8138
-0.267462,1.51685,-0.173545,9.83429
-0.269644,1.52923,-0.149519,9.73308
-0.268298,1.5216,-0.123538,9.83429
-0.270344,1.5332,-0.0991178,9.73308
-0.272322,1.54441,-0.0743482,9.6333
-0.274333,1.55582,-0.0236358,9.53493
-0.274364,1.55599,0.00196967,9.53493
-0.277795,1.57545,0.0279238,9.3423
-0.281151,1.59448,0.0545188,9.15503
-0.279226,1.58357,0.0802518,9.24801
-0.0682662,0.297989,-0.208428,40.5604
-0.0652812,0.284959,-0.19245,41.3822
-0.0753932,0.329099,-0.214499,39.3082
-0.0742555,0.324133,-0.203774,39.7276
-0.0730606,0.318917,-0.193273,40.1452
-0.0737504,0.321928,-0.187945,40.1452
-0.0783378,0.341952,-0.192177,39.3082
-0.0876561,0.382628,-0.198778,37.6189
-0.0903722,0.394484,-0.196763,37.1955
-0.0951201,0.415208,-0.198631,36.3496
-0.0999041,0.436091,-0.199859,35.5071
-0.0965075,0.421265,-0.184722,36.3496
-0.111634,0.487296,-0.204159,33.4287
-0.110278,0.481374,-0.1924,33.8403
-0.11724,0.511766,-0.194808,32.6132
-0.124248,0.542354,-0.196253,31.4116
-0.127059,0.554626,-0.190383,31.0174
-0.138376,0.604024,-0.196231,29.0994
-0.149765,0.653741,-0.200484,27.2777
-0.15907,0.694354,-0.200422,25.8944
-0.172729,0.753977,-0.204164,23.9464
-0.184285,0.804422,-0.203577,22.4391
-0.198056,0.864535,-0.2036,20.7661
-0.216241,0.943913,-0.205833,18.7535
-0.234489,1.02357,-0.205475,16.9703
-0.250589,1.09385,-0.200758,15.5796
-0.27553,1.20271,-0.200159,13.6752
-0.307154,1.34076,-0.200312,11.6698
-0.327771,1.43075,-0.18952,10.585
-0.337289,1.4723,-0.170186,10.1468
-0.340084,1.4845,-0.146644,10.0411
-0.345022,1.50605,-0.123538,9.83429
-0.343195,1.49808,-0.0978471,9.93696
-0.350196,1.52864,-0.0743482,9.6333
-0.348187,1.51987,-0.048612,9.73308
-0.348317,1.52044,-0.0233366,9.73308
-0.348356,1.52061,0.00194474,9.73308
-0.352768,1.53987,0.0275748,9.53493
-0.354854,1.54897,0.0535092,9.43793
-0.356844,1.55766,0.0797533,9.3423
-0.0832715,0.294149,-0.208428,40.5604
-0.0864557,0.305397,-0.208945,40.1452
-0.0873667,0.308615,-0.203774,40.1452
-0.0975448,0.344568,-0.219449,38.4651
-0.0938102,0.331376,-0.203445,39.3082
-0.0923285,0.326142,-0.192891,39.7276
-0.0955568,0.337545,-0.192177,39.3082
-0.103622,0.366035,-0.200451,38.0422
-0.114214,0.403449,-0.212331,36.3496
-0.122485,0.432667,-0.218625,35.0877
-0.118497,0.418578,-0.202857,35.9278
-0.121864,0.430471,-0.199859,35.5071
-0.127739,0.451227,-0.200443,34.67
-0.128607,0.454293,-0.192817,34.67
-0.134518,0.475171,-0.1924,33.8403
-0.14301,0.505171,-0.194808,32.6132
-0.156696,0.553512,-0.202905,30.6266
-0.162737,0.574853,-0.199902,29.8556
-0.171388,0.605413,-0.19925,28.727
-0.182684,0.645316,-0.200484,27.2777
-0.18879,0.666882,-0.195005,26.5777
-0.205428,0.725655,-0.19906,24.5787
-0.222147,0.784714,-0.201182,22.7322
-0.24159,0.853394,-0.2036,20.7661
-0.258443,0.912926,-0.201674,19.2342
-0.286031,1.01038,-0.205475,16.9703
-0.300307,1.06081,-0.197236,15.9618
-0.336092,1.18721,-0.200159,13.6752
-0.366582,1.29492,-0.195989,12.0647
-0.402518,1.42186,-0.1908,10.473
-0.411427,1.45333,-0.170186,10.1468
-0.406702,1.43664,-0.143769,10.3627
-0.409998,1.44828,-0.12035,10.2539
-0.413194,1.45957,-0.0965764,10.1468
-0.413566,1.46088,-0.0719804,10.1468
-0.416552,1.47143,-0.0476771,10.0411
-0.419431,1.4816,-0.0230374,9.93696
-0.422202,1.49139,0.00193227,9.83429
-0.424861,1.50078,0.0272258,9.73308
-0.421963,1.49055,0.0521631,9.83429
-0.427118,1.50876,0.078258,9.6333
-0.103364,0.305205,-0.219695,39.7276
-0.104492,0.308537,-0.214444,39.7276
-0.0947632,0.27981,-0.187687,41.3822
-0.0957264,0.282654,-0.182875,41.3822
-0.10495,0.309889,-0.193273,40.1452
-0.105941,0.312815,-0.187945,40.1452
-0.106904,0.315659,-0.182568,40.1452
-0.124866,0.368696,-0.205113,37.6189
-0.129818,0.383317,-0.196763,37.1955
-0.142452,0.420623,-0.207083,35.5071
-0.14351,0.423747,-0.199859,35.5071
-0.160361,0.473502,-0.204159,33.4287
-0.161401,0.476573,-0.19603,33.4287
-0.168413,0.497279,-0.194808,32.6132
-0.178479,0.527001,-0.196253,31.4116
-0.191644,0.565873,-0.199902,29.8556
-0.198774,0.586926,-0.196231,29.0994
-0.199768,0.589861,-0.186163,29.0994
-0.231588,0.683817,-0.20313,25.5591
-0.254324,0.75095,-0.209268,23.3309
-0.267836,0.790847,-0.205972,22.1502
-0.275124,0.812368,-0.196888,21.5845
-0.310626,0.917194,-0.205833,18.7535
-0.333691,0.9853,-0.203555,17.1814
-0.356809,1.05356,-0.198997,15.7692
-0.434872,1.28406,-0.19743,11.9311
-0.461292,1.36207,-0.185678,10.9308
-0.462196,1.36474,-0.162349,10.9308
-0.466172,1.37648,-0.139935,10.8138
-0.466839,1.37845,-0.116365,10.8138
-0.473785,1.39896,-0.0940349,10.585
-0.474211,1.40022,-0.0700862,10.585
-0.480926,1.42004,-0.0467423,10.3627
-0.474691,1.40163,-0.0221398,10.585
-0.477951,1.41126,0.00185747,10.473
-0.484293,1.42999,0.0263531,10.2539
-0.487299,1.43886,0.0511535,10.1468
-0.490173,1.44735,0.0762641,10.0411
-0.121733,0.30726,-0.225328,39.3082
-0.113832,0.287318,-0.203447,40.5604
-0.115032,0.290346,-0.198412,40.5604
-0.122482,0.309151,-0.203774,39.7276
-0.136368,0.344199,-0.218703,38.0422
-0.137655,0.347449,-0.212675,38.0422
-0.135676,0.342454,-0.201786,38.4651
-0.136863,0.345449,-0.19579,38.4651
-0.144586,0.364942,-0.198778,37.6189
-0.145753,0.367889,-0.19239,37.6189
-0.160235,0.404442,-0.202857,35.9278
-0.168151,0.424423,-0.203938,35.0877
-0.16596,0.418891,-0.192582,35.5071
-0.177317,0.447558,-0.196597,34.2541
-0.185332,0.467787,-0.19603,33.4287
-0.196837,0.496828,-0.198286,32.2096
-0.220059,0.55544,-0.199902,29.8556
-0.228246,0.576105,-0.196231,29.0994
-0.243504,0.614616,-0.19762,27.6339
-0.26238,0.66226,-0.200422,25.8944
-0.288471,0.728116,-0.206716,23.6365
-0.300396,0.758214,-0.201182,22.7322
-0.323097,0.815513,-0.201363,21.0349
-0.360285,0.909378,-0.207912,18.5185
-0.397627,1.00363,-0.211236,16.3559
-0.435093,1.0982,-0.211324,14.5012
-0.454476,1.14712,-0.200159,13.6752
-0.49206,1.24199,-0.194548,12.2003
-0.518728,1.3093,-0.181836,11.2921
-0.523406,1.3211,-0.160109,11.1699
-0.524293,1.32334,-0.137059,11.1699
-0.532385,1.34377,-0.115568,10.9308
-0.525653,1.32678,-0.090858,11.1699
-0.533485,1.34654,-0.0686655,10.9308
-0.533825,1.3474,-0.0451842,10.9308
-0.537707,1.3572,-0.0218407,10.8138
-0.54145,1.36665,0.00183254,10.6986
-0.548734,1.38503,0.0260041,10.473
-0.555869,1.40304,0.0508169,10.2539
-0.555493,1.40209,0.0752672,10.2539
-0.130282,0.285665,-0.214062,40.1452
-0.13517,0.296383,-0.214444,39.7276
-0.136595,0.299506,-0.209137,39.7276
-0.148597,0.325823,-0.219449,38.4651
-0.142908,0.313349,-0.203445,39.3082
-0.137044,0.300492,-0.187945,40.1452
-0.160125,0.351101,-0.211395,37.6189
-0.17621,0.38637,-0.22376,35.9278
-0.15548,0.340916,-0.189742,38.4651
-0.167931,0.368217,-0.196763,37.1955
-0.176754,0.387562,-0.198631,36.3496
-0.189432,0.415361,-0.203938,35.0877
-0.190779,0.418314,-0.196513,35.0877
-0.199758,0.438002,-0.196597,34.2541
-0.20492,0.449322,-0.1924,33.8403
-0.221749,0.48622,-0.198286,32.2096
-0.234793,0.514821,-0.199579,31.0174
-0.247909,0.543581,-0.199902,29.8556
-0.261088,0.572479,-0.19925,28.727
-0.286248,0.627645,-0.206212,26.5777
-0.29958,0.656879,-0.20313,25.5591
-0.316955,0.694976,-0.201612,24.2604
-0.354528,0.777361,-0.210762,21.5845
-0.37612,0.824705,-0.208075,20.2402
-0.418058,0.916661,-0.214149,17.8347
-0.439805,0.964344,-0.207395,16.7623
-0.486073,1.06579,-0.209563,14.6741
-0.520186,1.14059,-0.203362,13.3621
-0.566653,1.24248,-0.198871,11.7995
-0.572031,1.25427,-0.177995,11.6698
-0.573153,1.25673,-0.155631,11.6698
-0.574124,1.25886,-0.133226,11.6698
-0.587354,1.28787,-0.113177,11.2921
-0.579755,1.27121,-0.0889519,11.542
-0.584422,1.28144,-0.0667713,11.4161
-0.580647,1.27316,-0.0436261,11.542
-0.593311,1.30093,-0.0213919,11.1699
-0.597527,1.31018,0.00179514,11.0494
-0.605734,1.32817,0.0254805,10.8138
-0.60963,1.33671,0.0494708,10.6986
-0.609217,1.33581,0.0732734,10.6986
-0.148388,0.286033,-0.219695,39.7276
-0.150008,0.289156,-0.214444,39.7276
-0.147702,0.284711,-0.203774,40.1452
-0.164909,0.317879,-0.219449,38.4651
-0.158595,0.305709,-0.203445,39.3082
-0.15609,0.30088,-0.192891,39.7276
-0.183331,0.35339,-0.209775,37.1955
-0.201306,0.388037,-0.221366,35.5071
-0.19879,0.383188,-0.20988,35.9278
-0.196157,0.378112,-0.198631,36.3496
-0.201818,0.389024,-0.19578,35.9278
-0.22019,0.424438,-0.204373,34.2541
-0.221686,0.427323,-0.196597,34.2541
-0.240288,0.463179,-0.203291,32.6132
-0.259043,0.499331,-0.208722,31.0174
-0.264909,0.510639,-0.202905,30.6266
-0.270756,0.521909,-0.196729,30.2393
-0.289749,0.55852,-0.19925,28.727
-0.304434,0.586827,-0.19762,27.6339
-0.328033,0.632317,-0.200422,25.8944
-0.356201,0.686613,-0.204164,23.9464
-0.375562,0.723933,-0.201182,22.7322
-0.421896,0.813248,-0.210312,19.9831
-0.432419,0.833532,-0.199595,19.4801
-0.465487,0.897273,-0.197794,17.8347
-0.507699,0.978642,-0.197236,15.9618
-0.550015,1.06021,-0.193754,14.3309
-0.619742,1.19462,-0.195989,12.0647
-0.68963,1.32933,-0.193361,10.2539
-0.741319,1.42897,-0.181383,9.15503
-0.664651,1.28118,-0.138976,10.9308
-0.651829,1.25647,-0.113177,11.2921
-0.638801,1.23135,-0.0883165,11.6698
-0.634777,1.2236,-0.0653506,11.7995
-0.639784,1.23325,-0.0433145,11.6698
-0.962337,1.855,-0.031265,5.93418
-1.23874,2.3878,0.00335342,3.75901
-1.30302,2.51169,0.0493903,3.42111
-1.14139,2.20015,0.0834609,4.36465
-0.814071,1.5692,0.0882271,7.90398
-0.141828,0.24249,-0.191529,41.7879
-0.147593,0.252348,-0.19245,41.3822
-0.157671,0.269578,-0.198412,40.5604
-0.14636,0.250239,-0.17765,41.7879
-0.169529,0.289851,-0.198359,39.7276
-0.162354,0.277584,-0.182999,40.5604
-0.172685,0.295248,-0.187372,39.7276
-0.196528,0.336014,-0.205113,37.6189
-0.193677,0.331138,-0.19426,38.0422
-0.204321,0.349338,-0.196763,37.1955
-0.219632,0.375514,-0.202857,35.9278
-0.221262,0.378303,-0.19578,35.9278
-0.236762,0.404804,-0.200443,34.67
-0.238371,0.407555,-0.192817,34.67
-0.258735,0.442371,-0.19966,33.0196
-0.269801,0.461292,-0.198286,32.2096
-0.28091,0.480286,-0.196253,31.4116
-0.292055,0.49934,-0.193556,30.6266
-0.308039,0.526669,-0.193212,29.4756
-0.328928,0.562385,-0.194756,27.9943
-0.364499,0.623201,-0.20313,25.5591
-0.385639,0.659345,-0.201612,24.2604
-0.406845,0.695601,-0.198787,23.0295
-0.433021,0.740357,-0.196888,21.5845
-0.469144,0.802117,-0.197516,19.7297
-0.505381,0.864074,-0.195873,18.0591
-0.571524,0.977162,-0.202519,15.3929
-0.627925,1.07359,-0.20176,13.5175
-0.719421,1.23003,-0.207518,11.0494
-0.826174,1.41255,-0.211289,8.88376
-0.852879,1.45821,-0.19034,8.45595
-1.10057,1.8817,-0.209902,5.46247
-1.12731,1.92741,-0.178532,5.24663
-1.15381,1.97273,-0.1455,5.04288
-1.06912,1.82792,-0.100394,5.78672
-1.03448,1.76869,-0.0638811,6.1393
-1.12068,1.91608,-0.0332098,5.33147
-1.10566,1.8904,0.00273011,5.46247
-0.89348,1.52763,0.0308908,7.90398
-0.827514,1.41484,0.0551919,8.97292
-0.847124,1.44837,0.083741,8.62354
-0.176564,0.269554,-0.219695,39.7276
-0.173915,0.265509,-0.208945,40.1452
-0.171123,0.261246,-0.198412,40.5604
-0.182206,0.278167,-0.203774,39.7276
-0.179274,0.27369,-0.193273,40.1452
-0.176205,0.269004,-0.182999,40.5604
-0.187418,0.286123,-0.187372,39.7276
-0.213295,0.325628,-0.205113,37.6189
-0.205312,0.313441,-0.189742,38.4651
-0.211897,0.323495,-0.188018,38.0422
-0.238369,0.363908,-0.202857,35.9278
-0.245142,0.374248,-0.199859,35.5071
-0.246885,0.376909,-0.192582,35.5071
-0.273926,0.418191,-0.204159,33.4287
-0.275703,0.420904,-0.19603,33.4287
-0.287682,0.439192,-0.194808,32.6132
-0.310043,0.47333,-0.199579,31.0174
-0.322167,0.491839,-0.196729,30.2393
-0.355214,0.542291,-0.205288,27.9943
-0.36749,0.561032,-0.200484,27.2777
-0.406145,0.620044,-0.208547,24.9013
-0.434433,0.663231,-0.209268,23.3309
-0.436234,0.665981,-0.196391,23.3309
-0.485985,0.741934,-0.2036,20.7661
-0.498449,0.760961,-0.193358,20.2402
-0.548497,0.837368,-0.195873,18.0591
-0.593314,0.905789,-0.193713,16.3559
-0.670678,1.0239,-0.198558,13.8354
-0.748264,1.14234,-0.198871,11.7995
-0.853184,1.30252,-0.201044,9.6333
-0.969201,1.47964,-0.199297,7.82928
-1.16174,1.77358,-0.204151,5.73873
-1.25079,1.90953,-0.182517,5.04288
-1.25772,1.9201,-0.146135,5.0035
-1.15486,1.76307,-0.0999202,5.83528
-1.08439,1.6555,-0.0616998,6.52343
-1.13959,1.73976,-0.0311154,5.98453
-1.32601,2.02437,0.00301683,4.56376
-1.52304,2.32516,0.0485177,3.5365
-1.41288,2.15699,0.0868263,4.0598
-1.39551,2.13047,0.127107,4.14791
-0.209477,0.286959,-0.242228,38.0422
-0.192065,0.263106,-0.214444,39.7276
-0.189112,0.259061,-0.203774,40.1452
-0.196061,0.268581,-0.203774,39.7276
-0.189603,0.259734,-0.182999,40.5604
-0.20684,0.283347,-0.192177,39.3082
-0.219081,0.300116,-0.19579,38.4651
-0.231444,0.317051,-0.198778,37.6189
-0.233313,0.319611,-0.19239,37.6189
-0.261838,0.358688,-0.207083,35.5071
-0.263783,0.361352,-0.199859,35.5071
-0.265658,0.36392,-0.192582,35.5071
-0.289297,0.396303,-0.200378,33.8403
-0.313149,0.428977,-0.206921,32.2096
-0.309557,0.424057,-0.194808,32.6132
-0.339179,0.464636,-0.202905,30.6266
-0.357848,0.49021,-0.203075,29.4756
-0.370983,0.508204,-0.19925,28.727
-0.389785,0.533961,-0.19762,27.6339
-0.408649,0.559802,-0.195005,26.5777
-0.450365,0.616947,-0.201612,24.2604
-0.486579,0.666556,-0.203577,22.4391
-0.5057,0.69275,-0.196888,21.5845
-0.576721,0.790041,-0.207912,18.5185
-0.619136,0.848145,-0.205475,16.9703
-0.690665,0.946131,-0.209563,14.6741
-0.750777,1.02848,-0.206564,13.0583
-0.828501,1.13495,-0.204635,11.2921
-0.923907,1.26565,-0.202325,9.53493
-1.00775,1.38049,-0.192579,8.29286
-1.11509,1.52755,-0.182107,7.00574
-1.11669,1.52973,-0.151433,7.00574
-1.13564,1.55569,-0.122627,6.81912
-1.11899,1.53289,-0.0899755,7.00574
-1.09024,1.4935,-0.0576488,7.33326
-1.09654,1.50214,-0.0278244,7.26605
-1.07308,1.47,0.00226886,7.54025
-1.0906,1.494,0.0322869,7.33326
-1.08426,1.48531,0.0619226,7.40136
-1.10708,1.51657,0.0937102,7.13421
-0.197726,0.24389,-0.214062,40.1452
-0.205144,0.253041,-0.214444,39.7276
-0.20199,0.24915,-0.203774,40.1452
-0.214783,0.264929,-0.208999,39.3082
-0.211465,0.260838,-0.198359,39.7276
-0.191568,0.236295,-0.173107,41.3822
-0.215403,0.265694,-0.187372,39.7276
-0.217287,0.268018,-0.181805,39.7276
-0.247205,0.304922,-0.198778,37.6189
-0.249201,0.307384,-0.19239,37.6189
-0.268255,0.330886,-0.198631,36.3496
-0.287496,0.35462,-0.203938,35.0877
-0.28954,0.357141,-0.196513,35.0877
-0.308998,0.381142,-0.200378,33.8403
-0.322738,0.39809,-0.19966,33.0196
-0.354255,0.436965,-0.208722,31.0174
-0.374155,0.461512,-0.209558,29.8556
-0.388189,0.478822,-0.206248,29.0994
-0.396247,0.488761,-0.19925,28.727
-0.422363,0.520975,-0.200484,27.2777
-0.460727,0.568296,-0.205839,25.2281
-0.493213,0.608366,-0.206716,23.6365
-0.525829,0.648598,-0.205972,22.1502
-0.56469,0.696532,-0.205837,20.5012
-0.609836,0.752219,-0.205833,18.7535
-0.66748,0.823321,-0.207395,16.7623
-0.712903,0.879349,-0.202519,15.3929
-0.87869,1.08384,-0.203194,11.4161
-0.98058,1.20952,-0.201044,9.6333
-1.09515,1.35084,-0.195938,8.05639
-1.21611,1.50004,-0.185941,6.75847
-1.20529,1.4867,-0.153027,6.88053
-1.20669,1.48843,-0.121991,6.88053
-1.10713,1.36562,-0.0833457,7.97967
-1.36591,1.68482,-0.0676205,5.55239
-1.37272,1.69322,-0.0326114,5.50717
-1.20913,1.49144,0.00239352,6.88053
-1.13969,1.40578,0.0315889,7.61108
-1.03222,1.27322,0.0551919,8.97292
-1.02523,1.2646,0.0812487,9.06334
-0.187738,0.208977,-0.191529,41.7879
-0.195369,0.217472,-0.19245,41.3822
-0.20871,0.232321,-0.198412,40.5604
-0.193737,0.215654,-0.17765,41.7879
-0.224405,0.249792,-0.198359,39.7276
-0.226524,0.252151,-0.192891,39.7276
-0.234444,0.260967,-0.192177,39.3082
-0.254232,0.282993,-0.200451,38.0422
-0.280218,0.311919,-0.212331,36.3496
-0.288491,0.321128,-0.20988,35.9278
-0.290726,0.323616,-0.202857,35.9278
-0.292885,0.326019,-0.19578,35.9278
-0.319547,0.355698,-0.204373,34.2541
-0.334093,0.371889,-0.204159,33.4287
-0.342487,0.381233,-0.19966,33.0196
-0.363401,0.404513,-0.201765,31.809
-0.359236,0.399877,-0.1896,32.2096
-0.405605,0.451492,-0.203075,29.4756
-0.414123,0.460973,-0.196231,29.0994
-0.454611,0.506042,-0.203348,26.9256
-0.501786,0.558553,-0.211256,24.5787
-0.523393,0.582605,-0.206716,23.6365
-0.577471,0.6428,-0.213157,21.3077
-0.59273,0.659786,-0.2036,20.7661
-0.621005,0.69126,-0.197516,19.7297
-0.662414,0.737353,-0.193953,18.2871
-0.730213,0.812822,-0.195474,16.1573
-0.824588,0.917873,-0.200159,13.6752
-0.932458,1.03795,-0.203194,11.4161
-1.08035,1.20257,-0.208728,9.06334
-1.20201,1.33799,-0.202656,7.61108
-1.27056,1.4143,-0.183065,6.94274
-1.23907,1.37925,-0.148245,7.26605
-1.24051,1.38085,-0.118179,7.26605
-1.23496,1.37467,-0.0876077,7.33326
-1.51629,1.68783,-0.0707367,5.12299
-1.64382,1.82978,-0.0368,4.42959
-2.11849,2.35815,0.0039518,2.76501
-1.63639,1.82152,0.0824513,4.46259
-2.08916,2.32551,0.156017,2.8321
-0.250515,0.251929,-0.242228,38.0422
-0.223802,0.225066,-0.208945,40.1452
-0.220209,0.221452,-0.198412,40.5604
-0.252507,0.253933,-0.219449,38.4651
-0.230698,0.232,-0.193273,40.1452
-0.257389,0.258843,-0.207729,38.4651
-0.259729,0.261196,-0.201786,38.4651
-0.262001,0.26348,-0.19579,38.4651
-0.276785,0.278348,-0.198778,37.6189
-0.298044,0.299727,-0.205508,36.3496
-0.313134,0.314902,-0.207083,35.5071
-0.309022,0.310766,-0.19578,35.9278
-0.343637,0.345577,-0.208303,33.8403
-0.359028,0.361055,-0.207939,33.0196
-0.381067,0.383218,-0.210551,31.809
-0.383423,0.385588,-0.201765,31.809
-0.398977,0.40123,-0.199579,31.0174
-0.407892,0.410195,-0.193556,30.6266
-0.436939,0.439406,-0.196231,29.0994
-0.466147,0.468779,-0.19762,27.6339
-0.488707,0.491466,-0.195005,26.5777
-0.538594,0.541635,-0.201612,24.2604
-0.575057,0.578304,-0.201182,22.7322
-0.584153,0.587451,-0.190176,22.4391
-0.71967,0.723733,-0.199714,17.6136
-0.798208,0.802714,-0.202519,15.3929
-0.904819,0.909928,-0.208166,12.9099
-0.969877,0.975353,-0.200312,11.6698
-1.07693,1.08302,-0.197203,9.93696
-1.21918,1.22607,-0.194818,8.13415
-1.29144,1.29873,-0.176356,7.40136
-1.27922,1.28645,-0.145057,7.54025
-1.28071,1.28794,-0.115637,7.54025
-1.32413,1.3316,-0.0890284,7.13421
-1.54345,1.55216,-0.0682437,5.46247
-1.60043,1.60946,-0.0339577,5.12299
-1.83329,1.84364,0.00324123,4.00256
-1.7195,1.72921,0.0821148,4.49595
-1.30284,1.31019,0.0922148,7.33326
-0.201801,0.183355,-0.185896,42.1895
-0.241096,0.219058,-0.214444,39.7276
-0.249884,0.227042,-0.214499,39.3082
-0.252424,0.22935,-0.208999,39.3082
-0.248525,0.225808,-0.198359,39.7276
-0.244439,0.222095,-0.187945,40.1452
-0.259643,0.23591,-0.192177,39.3082
-0.27501,0.249872,-0.19579,38.4651
-0.283925,0.257972,-0.19426,38.0422
-0.326155,0.296342,-0.214253,35.5071
-0.301851,0.274259,-0.190178,37.1955
-0.351396,0.319275,-0.212095,34.2541
-0.340282,0.309178,-0.196513,35.0877
-0.36315,0.329956,-0.200378,33.8403
-0.379299,0.344628,-0.19966,33.0196
-0.395521,0.359368,-0.198286,32.2096
-0.425767,0.386849,-0.202905,30.6266
-0.449201,0.408141,-0.203075,29.4756
-0.458634,0.416711,-0.196231,29.0994
-0.489292,0.444567,-0.19762,27.6339
-0.512972,0.466082,-0.195005,26.5777
-0.55818,0.507159,-0.19906,24.5787
-0.625167,0.568022,-0.208367,21.8653
-0.656439,0.596435,-0.2036,20.7661
-0.702232,0.638042,-0.201674,19.2342
-0.762666,0.692953,-0.201634,17.3958
-0.866982,0.787734,-0.209563,14.6741
-0.913217,0.829742,-0.200159,13.6752
-0.915498,0.831814,-0.180137,13.6752
-1.15977,1.05376,-0.202325,9.53493
-1.23559,1.12265,-0.1881,8.62354
-1.29662,1.1781,-0.168689,7.97967
-1.2911,1.17308,-0.139478,8.05639
-1.28521,1.16774,-0.110555,8.13415
-1.30116,1.18222,-0.0833457,7.97967
-1.50172,1.36445,-0.0632579,6.24568
-2.15352,1.95667,-0.0435317,3.24765
-2.07975,1.88964,0.00350302,3.4666
-2.05723,1.86918,0.0485177,3.5365
-1.93063,1.75415,0.0878359,3.97438
-2.4172,2.19625,0.162996,2.60716
-0.210829,0.172899,-0.185896,42.1895
-0.238965,0.195973,-0.203447,40.5604
-0.261062,0.214095,-0.214499,39.3082
-0.224159,0.18383,-0.17765,41.7879
-0.2663,0.21839,-0.203445,39.3082
-0.248654,0.203918,-0.182999,40.5604
-0.291603,0.239141,-0.20659,38.0422
-0.26679,0.218792,-0.181805,39.7276
-0.310423,0.254575,-0.203295,37.1955
-0.299022,0.245225,-0.188018,38.0422
-0.343386,0.281607,-0.207083,35.5071
-0.367116,0.301068,-0.212095,34.2541
-0.355505,0.291546,-0.196513,35.0877
-0.379396,0.311139,-0.200378,33.8403
-0.389062,0.319066,-0.19603,33.4287
-0.398717,0.326984,-0.191329,33.0196
-0.483962,0.396892,-0.209421,28.727
-0.516009,0.423174,-0.211326,27.2777
-0.525998,0.431365,-0.203348,26.9256
-0.53592,0.439503,-0.195005,26.5777
-0.568198,0.465974,-0.193956,25.2281
-0.63812,0.523316,-0.203577,22.4391
-0.670732,0.550061,-0.199125,21.3077
-0.74121,0.607859,-0.203753,18.9921
-0.849904,0.696998,-0.215076,15.9618
-0.928602,0.761537,-0.214846,14.1632
-0.956453,0.784378,-0.180137,13.6752
-1.16564,0.955929,-0.194642,10.1468
-1.19098,0.976708,-0.173545,9.83429
-1.47008,1.2056,-0.183065,6.94274
-1.51072,1.23892,-0.156216,6.63947
-1.52019,1.24669,-0.125168,6.58109
-1.51384,1.24148,-0.0928168,6.63947
-1.77757,1.45777,-0.0716715,5.0035
-2.3581,1.93385,-0.045626,2.97367
-2.26557,1.85797,0.00365261,3.20629
-2.31935,1.90207,0.0523572,3.06748
-2.38794,1.95832,0.10399,2.90162
-2.62573,2.15333,0.169476,2.42107
-0.252545,0.186544,-0.214062,40.1452
-0.268739,0.198506,-0.219942,39.3082
-0.271571,0.200597,-0.214499,39.3082
-0.260615,0.192504,-0.198549,40.1452
-0.27702,0.204622,-0.203445,39.3082
-0.272645,0.20139,-0.192891,39.7276
-0.282178,0.208432,-0.192177,39.3082
-0.305994,0.226024,-0.200451,38.0422
-0.337271,0.249127,-0.212331,36.3496
-0.318292,0.235108,-0.19239,37.6189
-0.349918,0.258469,-0.202857,35.9278
-0.330484,0.244114,-0.183544,37.1955
-0.392004,0.289556,-0.208303,33.8403
-0.402114,0.297024,-0.204159,33.4287
-0.419713,0.310023,-0.203291,32.6132
-0.444931,0.328651,-0.205244,31.4116
-0.493062,0.364202,-0.21621,29.0994
-0.495815,0.366236,-0.206248,29.0994
-0.513775,0.379503,-0.202269,28.3587
-0.531758,0.392785,-0.19762,27.6339
-0.580722,0.428953,-0.20313,25.5591
-0.629957,0.465321,-0.206716,23.6365
-0.655997,0.484555,-0.201182,22.7322
-0.705571,0.521174,-0.201363,21.0349
-0.771046,0.569537,-0.203753,18.9921
-0.836752,0.618071,-0.203555,17.1814
-0.93431,0.690133,-0.207802,14.8497
-0.976595,0.721367,-0.196957,13.998
-0.994954,0.734927,-0.180137,13.6752
-1.14874,0.848523,-0.184397,11.0494
-1.51867,1.12177,-0.212733,7.00574
-1.60131,1.18282,-0.191692,6.41026
-1.6036,1.18451,-0.159404,6.41026
-1.58941,1.17403,-0.125803,6.52343
-1.92026,1.41841,-0.11318,4.66829
-2.11444,1.56184,-0.0819548,3.91889
-2.07501,1.53272,-0.0385951,4.0598
-2.07524,1.53289,0.00321629,4.0598
-2.1071,1.55642,0.0457253,3.94649
-2.40367,1.77548,0.100624,3.08677
-2.69929,1.99384,0.167482,2.47619
0.155249,0.234125,-0.191529,41.7879
0.147712,0.222759,-0.175954,42.5865
0.186585,0.281383,-0.214499,39.3082
0.164921,0.248712,-0.182875,41.3822
0.180812,0.272677,-0.193273,40.1452
0.182519,0.275251,-0.187945,40.1452
0.184179,0.277754,-0.182568,40.1452
0.215125,0.324422,-0.205113,37.6189
0.197212,0.297409,-0.180707,39.3082
0.233596,0.352278,-0.205508,36.3496
0.245423,0.370114,-0.207083,35.5071
0.257337,0.388081,-0.208016,34.67
0.254084,0.383176,-0.196513,35.0877
0.260927,0.393496,-0.192817,34.67
0.283217,0.427111,-0.19966,33.0196
0.300512,0.453192,-0.201765,31.809
0.30228,0.455858,-0.192926,31.809
0.31969,0.482114,-0.193556,30.6266
0.342456,0.516447,-0.196231,29.0994
0.381233,0.574925,-0.206212,26.5777
0.409629,0.617748,-0.208547,24.9013
0.406099,0.612425,-0.193956,25.2281
0.461439,0.695881,-0.205972,22.1502
0.490155,0.739186,-0.2036,20.7661
0.529753,0.798903,-0.203753,18.9921
0.58032,0.875162,-0.205475,16.9703
0.636485,0.959862,-0.206041,15.028
0.692798,1.04478,-0.203362,13.3621
0.792965,1.19584,-0.208959,10.9308
0.865984,1.30596,-0.202325,9.53493
0.988499,1.49072,-0.201536,7.68285
1.10019,1.65917,-0.191692,6.41026
1.11278,1.67815,-0.160998,6.29986
1.09753,1.65515,-0.126439,6.46649
1.10404,1.66497,-0.0947111,6.41026
1.0937,1.64937,-0.0616998,6.52343
1.09963,1.65832,-0.0297691,6.46649
1.11081,1.67517,0.00250572,6.35472
1.10511,1.66658,0.0349048,6.41026
1.11018,1.67422,0.0676437,6.35472
1.09839,1.65644,0.0991932,6.46649
0.164249,0.27723,-0.219695,39.7276
0.167791,0.28321,-0.209137,39.7276
0.165151,0.278753,-0.198549,40.1452
0.162381,0.274077,-0.188187,40.5604
0.168344,0.284143,-0.187945,40.1452
0.178815,0.301817,-0.192177,39.3082
0.193907,0.327291,-0.200451,38.0422
0.195538,0.330042,-0.19426,38.0422
0.215453,0.363657,-0.205508,36.3496
0.217123,0.366475,-0.198631,36.3496
0.218735,0.369196,-0.191701,36.3496
0.234351,0.395553,-0.196513,35.0877
0.245381,0.414171,-0.196597,34.2541
0.256472,0.432891,-0.19603,33.4287
0.272394,0.459765,-0.198286,32.2096
0.302838,0.511151,-0.209558,29.8556
0.294861,0.497688,-0.193556,30.6266
0.320718,0.541331,-0.19925,28.727
0.332089,0.560524,-0.194756,27.9943
0.363095,0.612857,-0.200422,25.8944
0.40413,0.682119,-0.209268,23.3309
0.43055,0.726712,-0.208367,21.8653
0.481894,0.813375,-0.217024,19.2342
0.508553,0.858371,-0.21207,18.0591
0.545254,0.920318,-0.209316,16.5576
0.602104,1.01627,-0.211324,14.5012
0.664148,1.121,-0.211368,12.6196
0.741467,1.2515,-0.211841,10.6986
0.803782,1.35668,-0.203605,9.43793
0.942117,1.59017,-0.208254,7.26605
1.01982,1.72132,-0.19265,6.35472
1.0416,1.75809,-0.163389,6.1393
1.03773,1.75155,-0.129616,6.19217
1.03357,1.74453,-0.0961317,6.24568
1.02404,1.72844,-0.0626347,6.35472
1.02442,1.72909,-0.0300683,6.35472
1.02963,1.73789,0.00251818,6.29986
1.03457,1.74623,0.0354284,6.24568
1.04433,1.7627,0.0689899,6.1393
1.03854,1.75291,0.101685,6.19217
0.14615,0.277881,-0.214062,40.1452
0.155522,0.2957,-0.219942,39.3082
0.145374,0.276404,-0.198412,40.5604
0.158758,0.301853,-0.208999,39.3082
0.172337,0.327672,-0.218703,38.0422
0.169919,0.323073,-0.207729,38.4651
0.171464,0.32601,-0.201786,38.4651
0.172963,0.328862,-0.19579,38.4651
0.195182,0.371106,-0.212331,36.3496
0.180012,0.342264,-0.188018,38.0422
0.210939,0.401065,-0.211309,35.0877
0.208255,0.395963,-0.199859,35.5071
0.214015,0.406915,-0.196513,35.0877
0.228398,0.434261,-0.200378,33.8403
0.234217,0.445325,-0.19603,33.4287
0.248757,0.472972,-0.198286,32.2096
0.25461,0.4841,-0.192926,31.809
0.27369,0.520376,-0.196729,30.2393
0.292889,0.55688,-0.19925,28.727
0.303273,0.576624,-0.194756,27.9943
0.327107,0.621941,-0.197714,26.2339
0.346559,0.658925,-0.196508,24.9013
0.375112,0.713214,-0.198787,23.0295
0.421931,0.802234,-0.208075,20.2402
0.446211,0.848398,-0.203753,18.9921
0.493373,0.938067,-0.207395,16.7623
0.522365,0.993192,-0.200758,15.5796
0.592734,1.12699,-0.206564,13.0583
0.677128,1.28745,-0.211841,10.6986
0.794051,1.50976,-0.220252,8.29286
0.888121,1.68862,-0.214972,6.88053
0.963762,1.83244,-0.199359,5.98453
0.965139,1.83505,-0.16578,5.98453
0.970908,1.84602,-0.132792,5.93418
0.962483,1.83,-0.0980259,6.03549
0.967749,1.84002,-0.064816,5.98453
0.972765,1.84955,-0.031265,5.93418
0.958909,1.82321,0.00256805,6.08708
0.954109,1.81408,0.0357774,6.1393
0.958366,1.82218,0.0693264,6.08708
0.967015,1.83862,0.103679,5.98453
0.135359,0.292425,-0.219695,39.7276
0.12982,0.280457,-0.203447,40.5604
0.138279,0.298732,-0.209137,39.7276
0.143266,0.309506,-0.208999,39.3082
0.14467,0.312539,-0.203445,39.3082
0.156988,0.339152,-0.212675,38.0422
0.143679,0.310399,-0.187372,39.7276
0.163517,0.353257,-0.205113,37.6189
0.16864,0.364323,-0.203295,37.1955
0.177557,0.383588,-0.205508,36.3496
0.18274,0.394785,-0.202857,35.9278
0.187932,0.406002,-0.199859,35.5071
0.204719,0.442267,-0.208303,33.8403
0.20611,0.445272,-0.200378,33.8403
0.207447,0.448161,-0.1924,33.8403
0.224483,0.484964,-0.198286,32.2096
0.237687,0.513491,-0.199579,31.0174
0.250965,0.542177,-0.199902,29.8556
0.276321,0.596954,-0.208307,27.6339
0.289777,0.626024,-0.206212,26.5777
0.283056,0.611503,-0.189588,27.2777
0.308678,0.666857,-0.193956,25.2281
0.334429,0.722487,-0.196391,23.3309
0.380757,0.822574,-0.208075,20.2402
0.406777,0.878786,-0.205833,18.7535
0.41637,0.89951,-0.193953,18.2871
0.467256,1.00944,-0.198997,15.7692
0.539038,1.16452,-0.208166,12.9099
0.623521,1.34703,-0.216164,10.3627
0.6999,1.51204,-0.21513,8.62354
0.822325,1.77652,-0.22057,6.58109
0.873895,1.88793,-0.200318,5.93418
0.883518,1.90872,-0.168171,5.83528
0.884547,1.91094,-0.134063,5.83528
0.881148,1.9036,-0.0994466,5.88443
0.87751,1.89574,-0.0651276,5.93418
0.886239,1.9146,-0.0315642,5.83528
0.886337,1.91481,0.00263038,5.83528
0.882003,1.90545,0.0366501,5.88443
0.881638,1.90466,0.0706726,5.88443
0.876845,1.8943,0.104178,5.93418
0.114201,0.283577,-0.208428,40.5604
0.118568,0.294421,-0.208945,40.1452
0.104052,0.258375,-0.176962,42.1895
0.121035,0.300547,-0.198549,40.1452
0.122222,0.303492,-0.193273,40.1452
0.139609,0.346668,-0.212675,38.0422
0.140878,0.34982,-0.20659,38.0422
0.132196,0.32826,-0.186466,39.3082
0.146638,0.364122,-0.198778,37.6189
0.16462,0.408774,-0.214253,35.5071
0.159124,0.395127,-0.198631,36.3496
0.170538,0.423469,-0.203938,35.0877
0.168315,0.41795,-0.192582,35.5071
0.183293,0.45514,-0.200378,33.8403
0.194924,0.484022,-0.203291,32.6132
0.199631,0.495711,-0.198286,32.2096
0.207851,0.516123,-0.196253,31.4116
0.21964,0.545395,-0.196729,30.2393
0.235047,0.583654,-0.19925,28.727
0.250539,0.622122,-0.200484,27.2777
0.2697,0.669701,-0.20313,25.5591
0.288954,0.717511,-0.204164,23.9464
0.30466,0.756511,-0.201182,22.7322
0.334965,0.831763,-0.205837,20.5012
0.347129,0.861968,-0.197516,19.7297
0.388606,0.964961,-0.203555,17.1814
0.430237,1.06834,-0.206041,15.028
0.460928,1.14454,-0.200159,13.6752
0.536011,1.33099,-0.208959,10.9308
0.607599,1.50875,-0.210008,8.97292
0.705306,1.75137,-0.212733,7.00574
0.784588,1.94824,-0.202235,5.83528
0.804328,1.99725,-0.172156,5.59815
0.797808,1.98106,-0.135969,5.69131
0.794795,1.97358,-0.100867,5.73873
0.799035,1.98411,-0.0666857,5.69131
0.791864,1.9663,-0.0317138,5.78672
0.795687,1.9758,0.00265531,5.73873
0.791832,1.96622,0.0369991,5.78672
0.78777,1.95614,0.0710091,5.83528
0.79843,1.98261,0.10667,5.69131
0.107775,0.312429,-0.225328,39.3082
0.117123,0.339528,-0.236438,38.0422
0.115604,0.335126,-0.225224,38.4651
0.108438,0.314352,-0.203774,39.7276
0.117924,0.34185,-0.213617,38.4651
0.104866,0.303997,-0.182999,40.5604
0.114399,0.331634,-0.192177,39.3082
0.12117,0.351261,-0.19579,38.4651
0.125098,0.362648,-0.19426,38.0422
0.137839,0.399583,-0.205508,36.3496
0.141863,0.411247,-0.202857,35.9278
0.145894,0.422932,-0.199859,35.5071
0.155926,0.452016,-0.204373,34.2541
0.163024,0.472591,-0.204159,33.4287
0.16712,0.484465,-0.19966,33.0196
0.177325,0.514049,-0.201765,31.809
0.184519,0.534903,-0.199579,31.0174
0.194827,0.564785,-0.199902,29.8556
0.192749,0.558761,-0.187175,30.2393
0.212459,0.615899,-0.194756,27.9943
0.226017,0.655202,-0.195005,26.5777
0.23963,0.694665,-0.193956,25.2281
0.250122,0.725079,-0.189206,24.2604
0.273337,0.792379,-0.192413,22.1502
0.293456,0.850703,-0.191279,20.5012
0.316831,0.918464,-0.190112,18.7535
0.353104,1.02362,-0.193713,16.3559
0.379833,1.1011,-0.18895,14.8497
0.442094,1.28159,-0.19743,11.9311
0.49806,1.44383,-0.197203,9.93696
0.602733,1.74727,-0.208254,7.26605
0.710872,2.06075,-0.209902,5.46247
0.841913,2.44063,-0.206428,4.03103
0.836385,2.4246,-0.16329,4.08887
0.843653,2.44567,-0.122651,4.03103
0.837671,2.42833,-0.0800851,4.08887
0.821681,2.38198,-0.0376976,4.23884
0.857643,2.48623,0.00327862,3.91889
1.08575,3.14749,0.0581165,2.51875
0.997302,2.89109,0.10298,2.95541
1.03571,3.00243,0.15851,2.7486
0.0895168,0.30955,-0.219695,39.7276
0.0788923,0.27281,-0.186951,41.7879
0.0914477,0.316226,-0.209137,39.7276
0.0829026,0.286678,-0.182875,41.3822
0.0908906,0.3143,-0.193273,40.1452
0.0941632,0.325617,-0.192891,39.7276
0.102328,0.353852,-0.201786,38.4651
0.108139,0.373945,-0.205113,37.6189
0.116483,0.402799,-0.212331,36.3496
0.109929,0.380134,-0.19239,37.6189
0.113298,0.391785,-0.190178,37.1955
0.124285,0.429779,-0.199859,35.5071
0.130278,0.4505,-0.200443,34.67
0.138878,0.480242,-0.204159,33.4287
0.147545,0.51021,-0.206921,32.2096
0.148457,0.513364,-0.198286,32.2096
0.159809,0.552621,-0.202905,30.6266
0.160702,0.555708,-0.193556,30.6266
0.172146,0.595281,-0.196231,29.0994
0.180991,0.625869,-0.194756,27.9943
0.19789,0.684303,-0.200422,25.8944
0.206824,0.715198,-0.196508,24.9013
0.221167,0.764798,-0.196391,23.3309
0.23556,0.814569,-0.194651,21.8653
0.255427,0.883267,-0.195437,19.9831
0.28081,0.971042,-0.197794,17.8347
0.298071,1.03073,-0.191952,16.5576
0.331802,1.14737,-0.193754,14.3309
0.376615,1.30234,-0.19743,11.9311
0.429802,1.48626,-0.199764,9.73308
0.499659,1.72782,-0.202656,7.61108
0.630471,2.18017,-0.218528,5.08271
0.711678,2.46099,-0.204834,4.08887
0.795679,2.75146,-0.182351,3.33273
0.840794,2.90747,-0.143487,3.01068
0.866319,2.99574,-0.097224,2.84925
0.863866,2.98725,-0.0465236,2.86655
0.88063,3.04522,0.0039518,2.76501
0.952714,3.29449,0.0598618,2.38092
0.852367,2.94749,0.103317,2.93732
0.896183,3.09901,0.161002,2.66867
0.0661621,0.281513,-0.197162,41.3822
0.0668845,0.284587,-0.19245,41.3822
0.0733826,0.312236,-0.203774,40.1452
0.07803,0.33201,-0.208999,39.3082
0.0768248,0.326882,-0.198359,39.7276
0.0735732,0.313047,-0.182999,40.5604
0.0782552,0.332968,-0.187372,39.7276
0.0769155,0.327268,-0.177143,40.1452
0.0775622,0.33002,-0.171672,40.1452
0.0925917,0.393969,-0.196763,37.1955
0.0912356,0.388198,-0.185952,37.6189
0.104447,0.44441,-0.203938,35.0877
0.1115,0.474423,-0.208303,33.8403
0.114376,0.486659,-0.204159,33.4287
0.115118,0.489816,-0.19603,33.4287
0.117975,0.501971,-0.191329,33.0196
0.125142,0.532465,-0.192926,31.809
0.134519,0.572366,-0.196729,30.2393
0.137412,0.584675,-0.190194,29.8556
0.144675,0.615579,-0.189027,28.727
0.151964,0.646593,-0.18688,27.6339
0.16591,0.705931,-0.191404,25.5591
0.177705,0.756115,-0.191601,23.9464
0.187311,0.79699,-0.187938,22.7322
0.214838,0.914115,-0.199595,19.4801
0.224531,0.955358,-0.192033,18.5185
0.238727,1.01576,-0.186669,17.1814
0.273263,1.16271,-0.193754,14.3309
0.303378,1.29084,-0.193107,12.338
0.340359,1.44819,-0.192081,10.3627
0.411505,1.75091,-0.202656,7.61108
0.473691,2.01551,-0.199359,5.98453
0.574715,2.44536,-0.200849,4.23884
0.591367,2.51621,-0.164561,4.03103
0.585044,2.4893,-0.12123,4.11824
0.599137,2.54927,-0.0816432,3.94649
0.601649,2.55996,-0.0393431,3.91889
0.613155,2.60891,0.00334096,3.78499
0.734302,3.12438,0.0560222,2.70023
0.711132,3.0258,0.104663,2.86655
0.71522,3.04319,0.156017,2.8321
0.0547799,0.30076,-0.208428,40.5604
0.0583713,0.320479,-0.214444,39.7276
0.0529365,0.29064,-0.187687,41.3822
0.0611138,0.335536,-0.208999,39.3082
0.0570843,0.313412,-0.188187,40.5604
0.0685249,0.376226,-0.217621,37.6189
0.0597186,0.327876,-0.182568,40.1452
0.0681674,0.374263,-0.200451,38.0422
0.0671419,0.368632,-0.189742,38.4651
0.0676841,0.371609,-0.183645,38.4651
0.0763286,0.41907,-0.198631,36.3496
0.0785314,0.431165,-0.19578,35.9278
0.0856804,0.470415,-0.204373,34.2541
0.0862627,0.473612,-0.196597,34.2541
0.0918312,0.504185,-0.19966,33.0196
0.095759,0.52575,-0.198286,32.2096
0.101392,0.556676,-0.199579,31.0174
0.101958,0.559785,-0.190383,31.0174
0.112747,0.619021,-0.19925,28.727
0.118462,0.650395,-0.19762,27.6339
0.11902,0.65346,-0.18688,27.6339
0.131675,0.72294,-0.193956,25.2281
0.142659,0.783249,-0.196391,23.3309
0.150197,0.824632,-0.192413,22.1502
0.161252,0.88533,-0.191279,20.5012
0.172338,0.946194,-0.188192,18.9921
0.190501,1.04591,-0.190191,16.7623
0.212253,1.16534,-0.192153,14.5012
0.241155,1.32402,-0.195989,12.0647
0.271903,1.49284,-0.195922,10.0411
0.325856,1.78906,-0.204895,7.47035
0.392403,2.15443,-0.210861,5.41829
0.455481,2.50075,-0.20324,4.14791
0.459588,2.52329,-0.16329,4.08887
0.465371,2.55505,-0.123124,4.00256
0.467459,2.56651,-0.0813316,3.97438
0.469425,2.57731,-0.0391935,3.94649
0.469477,2.57759,0.00326616,3.94649
0.560779,3.07887,0.054626,2.8321
0.556965,3.05793,0.104663,2.86655
0.565536,3.10499,0.157513,2.78156
0.0426771,0.327728,-0.225328,39.3082
0.0420645,0.323024,-0.214444,39.7276
0.0403278,0.309688,-0.198412,40.5604
0.0429398,0.329746,-0.203774,39.7276
0.0411369,0.315901,-0.188187,40.5604
0.0471369,0.361976,-0.207729,38.4651
0.0453004,0.347873,-0.192177,39.3082
0.0445542,0.342143,-0.181805,39.7276
0.0495369,0.380407,-0.19426,38.0422
0.0510982,0.392396,-0.19239,37.6189
0.0550051,0.422398,-0.198631,36.3496
0.0589506,0.452697,-0.203938,35.0877
0.060557,0.465033,-0.200443,34.67
0.0633594,0.486553,-0.200378,33.8403
0.0673801,0.517429,-0.203291,32.6132
0.0690073,0.529925,-0.198286,32.2096
0.070631,0.542393,-0.192926,31.809
0.0746992,0.573634,-0.193556,30.6266
0.0800186,0.614484,-0.196231,29.0994
0.0804188,0.617556,-0.186163,29.0994
0.087013,0.668195,-0.189588,27.2777
0.0986352,0.757446,-0.201612,24.2604
0.102805,0.789469,-0.196391,23.3309
0.112013,0.860176,-0.199125,21.3077
0.117467,0.902061,-0.193358,20.2402
0.126727,0.973172,-0.192033,18.5185
0.134739,1.0347,-0.186669,17.1814
0.151683,1.16481,-0.190552,14.6741
0.171229,1.31491,-0.193107,12.338
0.195943,1.5047,-0.195922,10.0411
0.225841,1.73429,-0.197058,7.97967
0.268641,2.06296,-0.200318,5.93418
0.33081,2.54038,-0.204834,4.08887
0.354392,2.72147,-0.174727,3.60848
0.35858,2.75363,-0.131648,3.5365
0.347193,2.66618,-0.0838245,3.75901
0.358943,2.75642,-0.041587,3.5365
0.374479,2.87572,0.00361521,3.26862
0.382168,2.93477,0.0516591,3.1457
0.383301,2.94347,0.0999512,3.12587
0.38691,2.97118,0.149537,3.06748
0.0273243,0.345943,-0.236594,38.4651
0.0263072,0.333066,-0.219942,39.3082
0.0265844,0.336576,-0.214499,39.3082
0.0248406,0.314497,-0.193324,40.5604
0.0237281,0.300413,-0.178014,41.3822
0.0253208,0.320578,-0.182999,40.5604
0.0269322,0.340978,-0.187372,39.7276
0.0271677,0.343961,-0.181805,39.7276
0.0309085,0.391321,-0.198778,37.6189
0.0311581,0.394481,-0.19239,37.6189
0.034254,0.433677,-0.202857,35.9278
0.0359462,0.455101,-0.203938,35.0877
0.0362017,0.458336,-0.196513,35.0877
0.0386345,0.489138,-0.200378,33.8403
0.0396188,0.5016,-0.19603,33.4287
0.0420784,0.53274,-0.198286,32.2096
0.0452962,0.573479,-0.202905,30.6266
0.0462959,0.586135,-0.196729,30.2393
0.0510448,0.646259,-0.205288,27.9943
0.0520544,0.659042,-0.19762,27.6339
0.0538157,0.681341,-0.192297,26.9256
0.0593833,0.75183,-0.19906,24.5787
0.0626874,0.793663,-0.196391,23.3309
0.0659995,0.835596,-0.192413,22.1502
0.0777893,0.984862,-0.209991,18.2871
0.0803652,1.01748,-0.199714,17.6136
0.0868103,1.09907,-0.197236,15.9618
0.0979319,1.23988,-0.20176,13.5175
0.107527,1.36136,-0.198871,11.7995
0.127289,1.61156,-0.208728,9.06334
0.153359,1.94163,-0.21945,6.63947
0.182619,2.31207,-0.223321,4.888
0.207996,2.63337,-0.21121,3.86451
0.220026,2.78567,-0.177904,3.48967
0.22101,2.79813,-0.133069,3.4666
0.219577,2.77999,-0.0869407,3.51297
0.219659,2.78103,-0.0417366,3.51297
0.220471,2.7913,0.00349055,3.48967
0.220438,2.79088,0.0488667,3.48967
0.219559,2.77976,0.0938936,3.51297
0.216265,2.73805,0.137076,3.60848
0.00883724,0.313846,-0.214062,40.1452
0.00940392,0.333971,-0.219942,39.3082
0.00902786,0.320616,-0.203774,40.1452
0.0101784,0.361475,-0.213617,38.4651
0.00938045,0.333138,-0.182568,40.1452
0.0112056,0.397956,-0.209775,37.1955
0.0120531,0.428055,-0.216848,35.9278
0.0118973,0.422522,-0.205508,36.3496
0.0114793,0.407677,-0.190178,37.1955
0.0120785,0.428958,-0.191701,36.3496
0.0134585,0.477965,-0.204373,34.2541
0.0132893,0.471959,-0.192817,34.67
0.0146869,0.521591,-0.203291,32.6132
0.0153055,0.543559,-0.201765,31.809
0.0164572,0.584464,-0.206232,30.2393
0.017083,0.606687,-0.203075,29.4756
0.0179784,0.638486,-0.202269,28.3587
0.0188773,0.67041,-0.200484,27.2777
0.0192372,0.683192,-0.192297,26.9256
0.0212274,0.753873,-0.19906,24.5787
0.0235017,0.83464,-0.205972,22.1502
0.0244155,0.867095,-0.199125,21.3077
0.0267057,0.948427,-0.201674,19.2342
0.0278991,0.99081,-0.193953,18.2871
0.0302004,1.07254,-0.191952,16.5576
0.0341737,1.21365,-0.196957,13.998
0.0370443,1.3156,-0.191666,12.4778
0.0435474,1.54654,-0.199764,9.73308
0.0475485,1.68864,-0.19034,8.45595
0.0504308,1.791,-0.172522,7.68285
0.0735097,2.61063,-0.208819,3.94649
0.0769661,2.73338,-0.174092,3.63295
0.0767543,2.72586,-0.129281,3.65766
0.0762405,2.70761,-0.0844477,3.70783
0.0759876,2.69863,-0.0403902,3.73329
0.0762775,2.70892,0.00337836,3.70783
0.0759845,2.69852,0.0471215,3.73329
0.075953,2.6974,0.0908647,3.73329
0.0764638,2.71554,0.135581,3.68262
-0.00651197,0.28911,-0.197162,41.3822
-0.00658306,0.292267,-0.19245,41.3822
-0.00703257,0.312223,-0.198412,40.5604
-0.00729605,0.323921,-0.198549,40.1452
-0.00756143,0.335703,-0.198359,39.7276
-0.0072414,0.321495,-0.182999,40.5604
-0.00770222,0.341954,-0.187372,39.7276
-0.00896491,0.398013,-0.209775,37.1955
-0.0084376,0.374602,-0.189742,38.4651
-0.00911328,0.4046,-0.196763,37.1955
-0.00979615,0.434917,-0.202857,35.9278
-0.00986889,0.438147,-0.19578,35.9278
-0.0111814,0.496419,-0.212234,33.4287
-0.0104235,0.462771,-0.189036,35.0877
-0.0115403,0.51235,-0.19966,33.0196
-0.0118227,0.524891,-0.194808,32.6132
-0.0129541,0.575119,-0.202905,30.6266
-0.0128129,0.56885,-0.190383,31.0174
-0.0141687,0.629046,-0.19925,28.727
-0.0148868,0.660927,-0.19762,27.6339
-0.0158241,0.702537,-0.197714,26.2339
-0.0174182,0.773313,-0.204164,23.9464
-0.0174905,0.77652,-0.191601,23.9464
-0.0193139,0.857474,-0.196888,21.5845
-0.0207048,0.919226,-0.195437,19.9831
-0.0227623,1.01057,-0.197794,17.8347
-0.0250482,1.11206,-0.198997,15.7692
-0.0303054,1.34546,-0.195989,12.0647
-0.0346162,1.53685,-0.198483,9.83429
-0.0371456,1.64914,-0.185861,8.79582
-0.0374327,1.66189,-0.160062,8.70909
-0.0374862,1.66427,-0.133102,8.70909
-0.0377546,1.67618,-0.106742,8.62354
-0.0380135,1.68768,-0.0800308,8.53917
-0.0380377,1.68875,-0.052663,8.53917
-0.0389526,1.72937,-0.0258797,8.21297
-0.0409835,1.81954,0.00226886,7.54025
-0.0504337,2.23909,0.0390934,5.24663
-0.0580647,2.57788,0.0868263,4.0598
-0.0591499,2.62606,0.131095,3.91889
-0.0205426,0.280169,-0.191529,41.7879
-0.0207669,0.283228,-0.186951,41.7879
-0.0259235,0.353556,-0.225224,38.4651
-0.023693,0.323136,-0.198549,40.1452
-0.0245548,0.334889,-0.198359,39.7276
-0.0266933,0.364055,-0.207729,38.4651
-0.026936,0.367365,-0.201786,38.4651
-0.0284655,0.388225,-0.205113,37.6189
-0.0280524,0.382591,-0.19426,38.0422
-0.028279,0.385681,-0.188018,38.0422
-0.0318118,0.433863,-0.202857,35.9278
-0.0327157,0.446191,-0.199859,35.5071
-0.0342931,0.467704,-0.200443,34.67
-0.0338491,0.461649,-0.189036,35.0877
-0.038157,0.520401,-0.203291,32.6132
-0.039764,0.542319,-0.201765,31.809
-0.0427564,0.58313,-0.206232,30.2393
-0.0450756,0.61476,-0.206248,29.0994
-0.0474055,0.646537,-0.205288,27.9943
-0.0497444,0.678436,-0.203348,26.9256
-0.0513867,0.700834,-0.197714,26.2339
-0.0537354,0.732867,-0.193956,25.2281
-0.0589281,0.803686,-0.198787,23.0295
-0.064145,0.874836,-0.201363,21.0349
-0.0700974,0.956018,-0.203753,18.9921
-0.0746355,1.01791,-0.199714,17.6136
-0.0820607,1.11918,-0.200758,15.5796
-0.0887843,1.21088,-0.196957,13.998
-0.0998604,1.36194,-0.198871,11.7995
-0.115313,1.57269,-0.203605,9.43793
-0.116992,1.59559,-0.180263,9.24801
-0.117919,1.60822,-0.15527,9.15503
-0.118087,1.61052,-0.129117,9.15503
-0.118954,1.62235,-0.103565,9.06334
-0.119792,1.63377,-0.0776631,8.97292
-0.120599,1.64478,-0.0514165,8.88376
-0.121375,1.65537,-0.0248325,8.79582
-0.12212,1.66553,0.00208186,8.70909
-0.122102,1.66528,0.0291455,8.70909
-0.122782,1.67455,0.0565381,8.62354
-0.123429,1.68338,0.0842395,8.53917
-0.0377689,0.303366,-0.208428,40.5604
-0.0330216,0.265235,-0.175954,42.5865
-0.036498,0.293158,-0.187687,41.3822
-0.0400292,0.321521,-0.198549,40.1452
-0.0393577,0.316128,-0.188187,40.5604
-0.036508,0.293239,-0.168161,41.7879
-0.0433411,0.348123,-0.192177,39.3082
-0.0469992,0.377505,-0.200451,38.0422
-0.0440878,0.35412,-0.180707,39.3082
-0.0499992,0.401602,-0.196763,37.1955
-0.0503866,0.404714,-0.190178,37.1955
-0.0541448,0.434901,-0.19578,35.9278
-0.0556657,0.447117,-0.192582,35.5071
-0.056044,0.450155,-0.185255,35.5071
-0.0621634,0.499307,-0.19603,33.4287
-0.0637061,0.511698,-0.191329,33.0196
-0.0699063,0.561499,-0.199579,31.0174
-0.0726399,0.583456,-0.196729,30.2393
-0.0789133,0.633845,-0.202269,28.3587
-0.0816753,0.65603,-0.19762,27.6339
-0.0832496,0.668675,-0.189588,27.2777
-0.09198,0.738799,-0.196508,24.9013
-0.0971594,0.780401,-0.193996,23.6365
-0.105964,0.851121,-0.196888,21.5845
-0.113595,0.912415,-0.195437,19.9831
-0.132158,1.06152,-0.209316,16.5576
-0.141073,1.13312,-0.20428,15.209
-0.158537,1.27339,-0.208166,12.9099
-0.177271,1.42387,-0.208959,10.9308
