t	0.0250779
pos	4.84676e-27	0	0
vel	0	-2.5411e-21	0
rotvel	0	0	-0.00135273
q	1 0	0	1.70498e-05
tac	0	0	0	0
gyr	0	0	-0.00173201
local y:	3.40996e-05	1	0

t	0.0458748
pos	-1.29247e-26	-2.11758e-22	0
vel	4.1359e-25	-5.0822e-21	0
rotvel	0	0	-0.00155152
q	1 0	0	3.56886e-05
tac	0	0	0	0
gyr	0	0	-0.00173201
local y:	7.13772e-05	1	0

t	0.0667717
pos	6.46235e-26	1.05879e-22	0
vel	1.24077e-24	6.77626e-21	0
rotvel	0	0	-0.00163441
q	1 0	0	5.46655e-05
tac	0	0	0	0
gyr	0	0	-0.00173201
local y:	0.000109331	1	0

t	0.0875398
pos	1.80946e-25	3.17637e-22	0
vel	2.27475e-24	3.38813e-21	0
rotvel	0	0	-0.00168051
q	1 0	0	7.36579e-05
tac	0	0	0	0
gyr	0	0	-0.00173201
local y:	0.000147316	1	0

t	0.108235
pos	4.1359e-25	2.64698e-22	0
vel	3.30872e-24	8.47033e-22	0
rotvel	0	0	-0.00171007
q	1 0	0	9.26492e-05
tac	0	0	0	0
gyr	0	0	-0.00173201
local y:	0.000185298	1	0

t	0.12903
pos	6.72084e-25	9.52912e-22	0
vel	7.03104e-24	8.04681e-21	0
rotvel	0	0	-0.00173075
q	1 0	0	0.000111764
tac	0	0	0	0
gyr	0	0	-0.00173201
local y:	0.000223528	1	0

t	0.149855
pos	9.82277e-25	1.42937e-21	0
vel	2.48154e-24	1.2282e-20	0
rotvel	0	0	-0.00174606
q	1 0	0	0.000130934
tac	0	0	0	0
gyr	0	0	-0.00173201
local y:	0.000261868	1	0

t	0.17056
pos	1.24077e-24	1.53525e-21	0
vel	2.48154e-24	1.27055e-20	0
rotvel	0	0	-0.0017579
q	1 0	0	0.00015002
tac	0	0	0	0
gyr	0	0	-0.00173201
local y:	0.000300041	1	0

t	0.191437
pos	8.27181e-25	1.16467e-21	0
vel	-2.06795e-24	1.01644e-20	0
rotvel	0	0	-0.00176733
q	1 0	0	0.000169274
tac	0	0	0	0
gyr	0	0	-0.00173201
local y:	0.000338548	1	0

t	0.21219
pos	2.06795e-24	1.58819e-21	0
vel	8.27181e-25	1.18585e-20	0
rotvel	0	0	-0.00177504
q	1 0	0	0.000188431
tac	0	0	0	0
gyr	0	0	-0.00173201
local y:	0.000376861	1	0

t	0.232876
pos	2.06795e-24	1.42937e-21	0
vel	1.65436e-24	1.18585e-20	0
rotvel	0	0	-0.00178146
q	1 0	0	0.000207537
tac	0	0	0	0
gyr	0	0	-0.00173201
local y:	0.000415075	1	0

t	0.253705
pos	1.65436e-24	1.48231e-21	0
vel	8.27181e-24	1.18585e-20	0
rotvel	0	0	-0.0017869
q	1 0	0	0.000226781
tac	0	0	0	0
gyr	0	0	-0.00173201
local y:	0.000453562	1	0

t	0.274653
pos	3.51552e-24	2.22346e-21	0
vel	4.96308e-24	1.27055e-20	0
rotvel	0	0	-0.00179157
q	1 0	0	0.000246139
tac	0	0	0	0
gyr	0	0	-0.00173201
local y:	0.000492278	1	0

t	0.295315
pos	4.3427e-24	3.91753e-21	0
vel	9.09899e-24	1.27055e-20	0
rotvel	0	0	-0.00179563
q	1 0	0	0.000265247
tac	0	0	0	0
gyr	0	0	-0.00173201
local y:	0.000530494	1	0

t	0.316411
pos	6.20385e-24	5.18808e-21	0
vel	2.23339e-23	1.52466e-20	0
rotvel	0	0	-0.00179919
q	1 0	0	0.000284751
tac	0	0	0	0
gyr	0	0	-0.00173201
local y:	0.000569503	1	0

t	0.337207
pos	8.6854e-24	6.88214e-21	0
vel	2.23339e-23	1.86347e-20	0
rotvel	0	0	-0.00180234
q	1 0	0	0.00030399
tac	0	0	0	0
gyr	0	0	-0.00173201
local y:	0.000607979	1	0

t	0.357862
pos	9.09899e-24	7.0939e-21	0
vel	1.48893e-23	1.3976e-20	0
rotvel	0	0	-0.00180515
q	1 0	0	0.000323107
tac	0	0	0	0
gyr	0	0	-0.00173201
local y:	0.000646214	1	0

t	0.37868
pos	1.03398e-23	6.03511e-21	0
vel	1.40621e-23	1.18585e-20	0
rotvel	0	0	-0.00180767
q	1 0	0	0.000342374
tac	0	0	0	0
gyr	0	0	-0.00173201
local y:	0.000684747	1	0

t	0.399595
pos	1.48893e-23	6.88214e-21	0
vel	9.92617e-24	1.20702e-20	0
rotvel	0	0	-0.00180994
q	1 0	0	0.000361732
tac	0	0	0	0
gyr	0	0	-0.00173201
local y:	0.000723464	1	0

t	0.42036
pos	1.69572e-23	7.72918e-21	0
vel	1.98523e-23	1.12232e-20	0
rotvel	0	0	-0.00181201
q	1 0	0	0.000380978
tac	0	0	0	0
gyr	0	0	-0.00173201
local y:	0.000761956	1	0

t	0.44124
pos	2.06795e-23	8.04681e-21	0
vel	2.39882e-23	9.31736e-21	0
rotvel	0	0	-0.00181389
q	1 0	0	0.00040029
tac	0	0	0	0
gyr	0	0	-0.00173201
local y:	0.000800581	1	0

t	0.462016
pos	2.19203e-23	8.25857e-21	0
vel	3.30872e-23	8.89385e-21	0
rotvel	0	0	-0.00181562
q	1 0	0	0.000419531
tac	0	0	0	0
gyr	0	0	-0.00173201
local y:	0.000839063	1	0

t	0.482793
pos	2.5229e-23	8.36445e-21	0
vel	3.63959e-23	1.07997e-20	0
rotvel	0	0	-0.0018172
q	1 0	0	0.000438781
tac	0	0	0	0
gyr	0	0	-0.00173201
local y:	0.000877563	1	0

t	0.503468
pos	2.93649e-23	1.07997e-20	0
vel	5.12852e-23	1.24937e-20	0
rotvel	0	0	-0.00181867
q	1 0	0	0.00045793
tac	0	0	0	0
gyr	0	0	-0.00173201
local y:	0.000915861	1	0

t	0.524391
pos	3.63959e-23	1.14349e-20	0
vel	5.62483e-23	1.3129e-20	0
rotvel	0	0	-0.00182002
q	1 0	0	0.000477312
tac	0	0	0	0
gyr	0	0	-0.00173201
local y:	0.000954625	1	0

t	0.545296
pos	3.88775e-23	1.14349e-20	0
vel	5.62483e-23	1.14349e-20	0
rotvel	0	0	-0.00182128
q	1 0	0	0.000496684
tac	0	0	0	0
gyr	0	0	-0.00173201
local y:	0.000993368	1	0

t	0.565966
pos	4.54949e-23	1.19643e-20	0
vel	4.63221e-23	1.12232e-20	0
rotvel	0	0	-0.00182245
q	1 0	0	0.000515834
tac	0	0	0	0
gyr	0	0	-0.00173201
local y:	0.00103167	0.999999	0

t	0.586805
pos	4.54949e-23	1.25996e-20	0
vel	3.80503e-23	1.20702e-20	0
rotvel	0	0	-0.00182355
q	1 0	0	0.000535145
tac	0	0	0	0
gyr	0	0	-0.00173201
local y:	0.00107029	0.999999	0

t	0.607604
pos	5.0458e-23	1.34466e-20	0
vel	4.79765e-23	1.41878e-20	0
rotvel	0	0	-0.00182458
q	1 0	0	0.000554421
tac	0	0	0	0
gyr	0	0	-0.00173201
local y:	0.00110884	0.999999	0

t	0.628262
pos	4.96308e-23	1.24937e-20	0
vel	5.29396e-23	1.18585e-20	0
rotvel	0	0	-0.00182554
q	1 0	0	0.000573569
tac	0	0	0	0
gyr	0	0	-0.00173201
local y:	0.00114714	0.999999	0

t	0.64907
pos	4.96308e-23	1.24937e-20	0
vel	4.63221e-23	9.74088e-21	0
rotvel	0	0	-0.00182644
q	1 0	0	0.000592855
tac	0	0	0	0
gyr	0	0	-0.00173201
local y:	0.00118571	0.999999	0

t	0.6699
pos	4.38406e-23	1.30231e-20	0
vel	5.29396e-23	8.47033e-21	0
rotvel	0	0	-0.0018273
q	1 0	0	0.000612164
tac	0	0	0	0
gyr	0	0	-0.00173201
local y:	0.00122433	0.999999	0

t	0.69063
pos	5.12852e-23	1.43996e-20	0
vel	4.1359e-23	1.05879e-20	0
rotvel	0	0	-0.0018281
q	1 0	0	0.000631382
tac	0	0	0	0
gyr	0	0	-0.00173201
local y:	0.00126276	0.999999	0

t	0.711494
pos	3.88775e-23	1.41878e-20	0
vel	3.14329e-23	9.1056e-21	0
rotvel	0	0	-0.00182886
q	1 0	0	0.000650723
tac	0	0	0	0
gyr	0	0	-0.00173201
local y:	0.00130145	0.999999	0

t	0.732475
pos	3.97047e-23	1.47172e-20	0
vel	1.15805e-23	6.14099e-21	0
rotvel	0	0	-0.00182958
q	1 0	0	0.000670173
tac	0	0	0	0
gyr	0	0	-0.00173201
local y:	0.00134034	0.999999	0

t	0.753163
pos	4.54949e-23	1.48231e-20	0
vel	1.8198e-23	5.92923e-21	0
rotvel	0	0	-0.00183027
q	1 0	0	0.000689355
tac	0	0	0	0
gyr	0	0	-0.00173201
local y:	0.00137871	0.999999	0

t	0.773903
pos	4.63221e-23	1.38702e-20	0
vel	1.48893e-23	4.23516e-21	0
rotvel	0	0	-0.00183092
q	1 0	0	0.000708586
tac	0	0	0	0
gyr	0	0	-0.00173201
local y:	0.00141717	0.999999	0

t	0.794706
pos	5.9557e-23	1.41878e-20	0
vel	2.81241e-23	3.81165e-21	0
rotvel	0	0	-0.00183153
q	1 0	0	0.000727876
tac	0	0	0	0
gyr	0	0	-0.00173201
local y:	0.00145575	0.999999	0

t	0.815375
pos	6.53473e-23	1.4929e-20	0
vel	1.8198e-23	3.59989e-21	0
rotvel	0	0	-0.00183212
q	1 0	0	0.000747044
tac	0	0	0	0
gyr	0	0	-0.00173201
local y:	0.00149409	0.999999	0

t	0.836251
pos	5.54211e-23	1.40819e-20	0
vel	1.15805e-23	2.11758e-21	0
rotvel	0	0	-0.00183268
q	1 0	0	0.000766402
tac	0	0	0	0
gyr	0	0	-0.00173201
local y:	0.0015328	0.999999	0

t	0.857254
pos	6.78288e-23	1.54584e-20	0
vel	2.97785e-23	5.50571e-21	0
rotvel	0	0	-0.00183322
q	1 0	0	0.000785878
tac	0	0	0	0
gyr	0	0	-0.00173201
local y:	0.00157176	0.999999	0

t	0.877888
pos	7.94093e-23	1.58819e-20	0
vel	3.47416e-23	7.6233e-21	0
rotvel	0	0	-0.00183373
q	1 0	0	0.000805016
tac	0	0	0	0
gyr	0	0	-0.00173201
local y:	0.00161003	0.999999	0

t	0.898706
pos	9.26442e-23	1.73642e-20	0
vel	2.64698e-23	1.03762e-20	0
rotvel	0	0	-0.00183422
q	1 0	0	0.000824324
tac	0	0	0	0
gyr	0	0	-0.00173201
local y:	0.00164865	0.999999	0

t	0.919829
pos	1.09188e-22	1.72583e-20	0
vel	1.98523e-23	1.12232e-20	0
rotvel	0	0	-0.00183469
q	1 0	0	0.000843914
tac	0	0	-0	-0
gyr	0	0	-0.00173201
local y:	0.00168783	0.999999	0

t	0.940978
pos	9.92617e-23	1.79995e-20	0
vel	9.92617e-24	8.89385e-21	0
rotvel	0	0	-0.00183514
q	1 0	0	0.000863526
tac	0	0	-0	-0
gyr	0	0	-0.00173201
local y:	0.00172705	0.999999	0

t	0.962412
pos	1.15805e-22	1.90582e-20	0
vel	2.31611e-23	1.01644e-20	0
rotvel	0	0	-0.00183557
q	1 0	0	0.000883435
tac	0	0	-0	-0
gyr	0	0	-0.00173201
local y:	0.00176687	0.999998	0

t	0.983726
pos	1.10842e-22	1.85288e-20	0
vel	-1.65436e-24	8.25857e-21	0
rotvel	0	0	-0.00183599
q	1 0	0	0.000903221
tac	0	0	-0	-0
gyr	0	0	-0.00173201
local y:	0.00180644	0.999998	0

t	1.00493
pos	1.15805e-22	1.81053e-20	0
vel	-1.65436e-24	8.89385e-21	0
rotvel	0	0	-0.00183639
q	1 0	0	0.000922838
tac	0	0	-0	-0
gyr	0	0	-0.00173201
local y:	0.00184568	0.999998	0

t	1.02626
pos	1.1746e-22	1.82112e-20	0
vel	-8.27181e-24	6.14099e-21	0
rotvel	0	0	-0.00183677
q	1 0	0	0.000942619
tac	0	0	-0	-0
gyr	0	0	-0.00173201
local y:	0.00188524	0.999998	0

t	1.0476
pos	1.15805e-22	1.79995e-20	0
vel	9.92617e-24	6.14099e-21	0
rotvel	0	0	-0.00183714
q	1 0	0	0.000962498
tac	0	0	-0	-0
gyr	0	0	-0.00173201
local y:	0.001925	0.999998	0

t	1.06891
pos	1.20768e-22	1.87406e-20	0
vel	1.98523e-23	8.47033e-21	0
rotvel	0	0	-0.0018375
q	1 0	0	0.000982232
tac	0	0	-0	-0
gyr	0	0	-0.00173201
local y:	0.00196446	0.999998	0

t	1.09008
pos	1.15805e-22	1.95876e-20	0
vel	6.61744e-24	9.31736e-21	0
rotvel	0	0	-0.00183784
q	0.999999 0	0	0.00100185
tac	0	0	-0	-0
gyr	0	0	-0.00173201
local y:	0.00200369	0.999998	0

t	1.11141
pos	1.04225e-22	1.99053e-20	0
vel	0	1.05879e-20	0
rotvel	0	0	-0.00183817
q	0.999999 0	0	0.00102159
tac	0	0	-0	-0
gyr	0	0	-0.00173201
local y:	0.00204319	0.999998	0

t	1.13271
pos	9.42088e-07	4.77522e-05	0
vel	1.34641e-06	0.00013407	0
rotvel	0	0	-0.00184288
q	0.999999 0	0	0.00104384
tac	0.00837758	0	-0	-0
gyr	0	0	-0.00173201
local y:	0.00208768	0.999998	0

t	1.15383
pos	2.10173e-06	0.000105157	0
vel	2.9458e-06	0.000285846	0
rotvel	0	0	-0.00184805
q	0.999999 0	0	0.00106628
tac	0.00837758	0	-0	-0
gyr	0	0	-0.00173201
local y:	0.00213256	0.999998	0

t	1.17523
pos	3.87503e-06	0.00018981	0
vel	5.33304e-06	0.000501428	0
rotvel	0	0	-0.00185534
q	0.999999 0	0	0.00109037
tac	0.00837758	0.00837758	-0	-0
gyr	0	0	-0.00173201
local y:	0.00218074	0.999998	0

t	1.19658
pos	5.54397e-06	0.000267959	0
vel	7.4796e-06	0.000684959	0
rotvel	0	0	-0.00186166
q	0.999999 0	0	0.00111398
tac	0.00837758	0.0167552	-0	-0
gyr	0	0	-0.00173201
local y:	0.00222795	0.999998	0

t	1.21777
pos	8.44628e-06	0.000395087	0
vel	1.12183e-05	0.000987766	0
rotvel	0	0	-0.00187204
q	0.999999 0	0	0.00113998
tac	0.00837758	0.0167552	-0	-0
gyr	0	0	-0.00173201
local y:	0.00227995	0.999997	0

t	1.23912
pos	1.17643e-05	0.000534486	0
vel	1.53584e-05	0.00130269	0
rotvel	0	0	-0.00188307
q	0.999999 0	0	0.00116679
tac	0.00837758	0.0251327	-0	-0
gyr	0	0	-0.00173201
local y:	0.00233357	0.999997	0

t	1.26037
pos	1.62432e-05	0.000711636	0
vel	2.08617e-05	0.00169554	0
rotvel	0	0	-0.00189695
q	0.999999 0	0	0.00119555
tac	0.00837758	0.0251327	-0	-0
gyr	0	0	-0.00173201
local y:	0.0023911	0.999997	0

t	1.28151
pos	2.17587e-05	0.000916741	0
vel	2.74951e-05	0.00213641	0
rotvel	0	0	-0.00191273
q	0.999999 0	0	0.00122576
tac	0.0167552	0.0335103	-0	-0
gyr	0	0	-0.00173201
local y:	0.00245152	0.999997	0

t	1.30289
pos	2.96036e-05	0.00118654	0
vel	3.68286e-05	0.00271258	0
rotvel	0	0	-0.00193333
q	0.999999 0	0	0.00125963
tac	0.0167552	0.0335103	-0	-0
gyr	0	0	-0.00173201
local y:	0.00251925	0.999997	0

t	1.32423
pos	4.03389e-05	0.00152481	0
vel	4.94341e-05	0.00342752	0
rotvel	0	0	-0.00195519
q	0.999999 0	0	0.00129467
tac	0.0251327	0.0418879	0.00837758	-0
gyr	0	0	-0.00173201
local y:	0.00258934	0.999997	0

t	1.34539
pos	5.42051e-05	0.00193107	0
vel	6.5409e-05	0.00426661	0
rotvel	0	0	-0.00197823
q	0.999999 0	0	0.00133087
tac	0.0251327	0.0418879	0.00837758	-0
gyr	0	0	-0.00173201
local y:	0.00266173	0.999996	0

t	1.36667
pos	7.23546e-05	0.00241972	0
vel	8.59773e-05	0.00525787	0
rotvel	0	0	-0.00200709
q	0.999999 0	0	0.00137162
tac	0.0335103	0.0586431	0.00837758	-0
gyr	0	0	-0.00173201
local y:	0.00274324	0.999996	0

t	1.38798
pos	9.4174e-05	0.00296339	0
vel	0.000110082	0.00631877	0
rotvel	0	0	-0.00203938
q	0.999999 0	0	0.00141545
tac	0.0335103	0.0586431	0.00837758	-0
gyr	0	0	-0.00173201
local y:	0.0028309	0.999996	0

t	1.40931
pos	0.000120739	0.00357101	0
vel	0.000138814	0.00746854	0
rotvel	0	0	-0.00207564
q	0.999999 0	0	0.0014628
tac	0.0418879	0.0670206	0.00837758	-0
gyr	0	0	-0.00173201
local y:	0.0029256	0.999996	0

t	1.43037
pos	0.000150541	0.00420292	0
vel	0.000170204	0.00861109	0
rotvel	0	0	-0.00211297
q	0.999999 0	0	0.00151132
tac	0.0418879	0.0670206	0.00837758	-0
gyr	0	0	-0.00173201
local y:	0.00302263	0.999995	0

t	1.45183
pos	0.000194491	0.00502945	0
vel	0.000216553	0.0101412	0
rotvel	0	0	-0.00215402
q	0.999999 0	0	0.00156375
tac	0.0502655	0.0921534	0.0167552	0.00837758
gyr	0	0	-0.00173201
local y:	0.00312749	0.999995	0

t	1.47326
pos	0.000246802	0.00593805	0
vel	0.000270513	0.0117673	0
rotvel	0	0	-0.00219597
q	0.999999 0	0	0.00161772
tac	0.0502655	0.0921534	0.0167552	0.00837758
gyr	0	0	-0.00173201
local y:	0.00323544	0.999995	0

t	1.49441
pos	0.000322167	0.00709923	0
vel	0.000348203	0.0138917	0
rotvel	0	0	-0.00224472
q	0.999999 0	0	0.00167743
tac	0.0670206	0.117286	0.0251327	0.0167552
gyr	0	0	-0.00173201
local y:	0.00335485	0.999994	0

t	1.51574
pos	0.000407926	0.00832433	0
vel	0.000434324	0.0160321	0
rotvel	0	0	-0.00229414
q	0.999998 0	0	0.00173876
tac	0.0670206	0.117286	0.0251327	0.0167552
gyr	0	0	-0.00173201
local y:	0.00347751	0.999994	0

t	1.53687
pos	0.000498884	0.00954572	0
vel	0.000522985	0.0180428	0
rotvel	0	0	-0.00234228
q	0.999998 0	0	0.00179997
tac	0.0670206	0.117286	0.0251327	0.0167552
gyr	0	0	-0.00173201
local y:	0.00359993	0.999994	0

t	1.55778
pos	0.000611129	0.0109163	0
vel	0.000631484	0.020288	0
rotvel	0	0	-0.00239488
q	0.999998 0	0	0.0018654
tac	0.117286	0.175929	0.0418879	0.0335103
gyr	0	0	-0.00173201
local y:	0.0037308	0.999993	0

t	1.579
pos	0.000801106	0.0129118	0
vel	0.000817814	0.0237791	0
rotvel	0	0	-0.00246866
q	0.999998 0	0	0.00194904
tac	0.117286	0.175929	0.0418879	0.0335103
gyr	0	0	-0.00173201
local y:	0.00389807	0.999992	0

t	1.60013
pos	0.00100643	0.014903	0
vel	0.00101347	0.0270652	0
rotvel	0	0	-0.0025406
q	0.999998 0	0	0.00203266
tac	0.117286	0.175929	0.0418879	0.0335103
gyr	0	0	-0.00173201
local y:	0.0040653	0.999992	0

t	1.6211
pos	0.00122604	0.0168876	0
vel	0.00121717	0.0301598	0
rotvel	0	0	-0.00261077
q	0.999998 0	0	0.00211617
tac	0.117286	0.175929	0.0418879	0.0335103
gyr	0	0	-0.00173201
local y:	0.00423234	0.999991	0

t	1.64263
pos	0.0014742	0.0189752	0
vel	0.00144231	0.0332682	0
rotvel	0	0	-0.00268194
q	0.999998 0	0	0.00220276
tac	0.167552	0.24295	0.0586431	0.0586431
gyr	0	0	-0.00173201
local y:	0.00440552	0.99999	0

t	1.66444
pos	0.0018732	0.0218499	0
vel	0.00181048	0.0378674	0
rotvel	0	0	-0.00277545
q	0.999997 0	0	0.00230969
tac	0.167552	0.24295	0.0586431	0.0586431
gyr	0	0	-0.00173201
local y:	0.00461936	0.999989	0

t	1.68587
pos	0.00243283	0.0248976	0
vel	0.00232105	0.0426006	0
rotvel	0	0	-0.00352042
q	0.999996 0	0	0.00296686
tac	0.201062	0.268083	0.0670206	0.0753982
gyr	0	0	-0.101123
local y:	0.0059337	0.999982	0

t	1.70775
pos	0.00360921	0.0282368	0
vel	0.00339178	0.0476418	0
rotvel	0	0	-0.00497332
q	0.999991 0	0	0.00424364
tac	0.201062	0.268083	0.0670206	0.0753982
gyr	0	0	-0.119109
local y:	0.0084872	0.999964	0

t	1.72975
pos	0.00558836	0.0318099	0
vel	0.00517291	0.0528818	0
rotvel	0	0	-0.0058756
q	0.999987 0	0	0.00507616
tac	0.226195	0.293215	0.0921534	0.0837758
gyr	0	0	-0.0234487
local y:	0.0101522	0.999948	0

t	1.7515
pos	0.00813741	0.0356056	0
vel	0.00742569	0.0582998	0
rotvel	0	0	-0.00689097
q	0.999982 0	0	0.00602591
tac	0.226195	0.293215	0.0921534	0.0837758
gyr	0	0	-0.119775
local y:	0.0120516	0.999927	0

t	1.77308
pos	0.0116334	0.0396333	0
vel	0.0104769	0.0639252	0
rotvel	0	0	-0.00797902
q	0.999975 0	0	0.00706006
tac	0.24295	0.30997	0.108909	0.108909
gyr	0	0	-0.0159877
local y:	0.0141198	0.9999	0

t	1.79484
pos	0.0156158	0.0438299	0
vel	0.0138798	0.0695729	0
rotvel	0	0	-0.00835393
q	0.999972 0	0	0.0074811
tac	0.24295	0.30997	0.108909	0.108909
gyr	0	0	-0.0867335
local y:	0.0149618	0.999888	0

t	1.81655
pos	0.0203665	0.0483123	0
vel	0.017876	0.0754885	0
rotvel	0	0	-0.00881565
q	0.999968 0	0	0.00798846
tac	0.251327	0.326726	0.125664	0.125664
gyr	0	0	0.0174533
local y:	0.0159764	0.999872	0

t	1.83796
pos	0.0252185	0.0528012	0
vel	0.0218577	0.0811494	0
rotvel	0	0	-0.00920653
q	0.999964 0	0	0.00843956
tac	0.251327	0.326726	0.125664	0.125664
gyr	0	0	-0.0572894
local y:	0.0168785	0.999858	0

t	1.85948
pos	0.0305095	0.0572882	0
vel	0.0261165	0.0865052	0
rotvel	0	0	-0.0103385
q	0.999954 0	0	0.00958282
tac	0.251327	0.326726	0.125664	0.125664
gyr	0	0	-0.0905972
local y:	0.0191648	0.999816	0

t	1.88095
pos	0.0364119	0.0618325	0
vel	0.0307928	0.0916957	0
rotvel	0	0	-0.0106071
q	0.999951 0	0	0.00994432
tac	0.27646	0.343481	0.159174	0.167552
gyr	0	0	0
local y:	0.0198877	0.999802	0

t	1.90238
pos	0.0435756	0.0669388	0
vel	0.0364429	0.0977102	0
rotvel	0	0	-0.0112963
q	0.999943 0	0	0.0107075
tac	0.27646	0.343481	0.159174	0.167552
gyr	0	0	-0.147753
local y:	0.0214138	0.999771	0

t	1.92439
pos	0.0517662	0.0722053	0
vel	0.0428053	0.103615	0
rotvel	0	0	-0.012288
q	0.999931 0	0	0.0117762
tac	0.284838	0.351858	0.184307	0.192684
gyr	0	0	-0.0779403
local y:	0.0235509	0.999723	0

t	1.94602
pos	0.060898	0.0776708	0
vel	0.0498173	0.109683	0
rotvel	0	0	-0.0126748
q	0.999925 0	0	0.0122808
tac	0.284838	0.351858	0.184307	0.192684
gyr	0	0	-0.108184
local y:	0.0245597	0.999698	0

t	1.96762
pos	0.0708631	0.0832265	0
vel	0.0573483	0.115606	0
rotvel	0	0	-0.0135777
q	0.999912 0	0	0.013295
tac	0.293215	0.368614	0.201062	0.20944
gyr	0	0	-0.0846018
local y:	0.0265877	0.999646	0

t	1.98903
pos	0.0821496	0.0889616	0
vel	0.0658043	0.12162	0
rotvel	0	0	-0.0145558
q	0.999896 0	0	0.0143993
tac	0.293215	0.368614	0.201062	0.20944
gyr	0	0	-0.0724778
local y:	0.0287956	0.999585	0

t	2.01107
pos	0.0946401	0.0949355	0
vel	0.0750131	0.127648	0
rotvel	0	0	-0.0151186
q	0.999886 0	0	0.0151164
tac	0.301593	0.385369	0.226195	0.226195
gyr	0	0	-0.088732
local y:	0.0302294	0.999543	0

t	2.03275
pos	0.108327	0.101033	0
vel	0.0849908	0.133678	0
rotvel	0	0	-0.0160367
q	0.999869 0	0	0.0161975
tac	0.301593	0.385369	0.226195	0.226195
gyr	0	0	-0.102855
local y:	0.0323907	0.999475	0

t	2.0542
pos	0.123268	0.107263	0
vel	0.0957602	0.139709	0
rotvel	0	0	-0.0165714
q	0.999857 0	0	0.0169085
tac	0.30997	0.393746	0.234572	0.24295
gyr	0	0	-0.0815375
local y:	0.0338122	0.999428	0

t	2.0758
pos	0.138784	0.113537	0
vel	0.106717	0.145497	0
rotvel	0	0	-0.0171872
q	0.999843 0	0	0.017714
tac	0.30997	0.393746	0.234572	0.24295
gyr	0	0	-0.0662159
local y:	0.0354225	0.999372	0

t	2.09757
pos	0.155731	0.120051	0
vel	0.118545	0.151402	0
rotvel	0	0	-0.017724
q	0.99983 0	0	0.0184519
tac	0.318348	0.402124	0.251327	0.259705
gyr	0	0	-0.0694135
local y:	0.0368976	0.999319	0

t	2.11896
pos	0.172944	0.126503	0
vel	0.130339	0.157042	0
rotvel	0	0	-0.0180137
q	0.999821 0	0	0.0189411
tac	0.318348	0.402124	0.251327	0.259705
gyr	0	0	-0.0370383
local y:	0.0378753	0.999282	0

t	2.14092
pos	0.191506	0.133354	0
vel	0.142855	0.162933	0
rotvel	0	0	-0.0181717
q	0.999814 0	0	0.0193044
tac	0.335103	0.418879	0.268083	0.268083
gyr	0	0	-0.0716784
local y:	0.0386017	0.999255	0

t	2.16293
pos	0.210368	0.140216	0
vel	0.155294	0.168555	0
rotvel	0	0	-0.0187051
q	0.999799 0	0	0.0200679
tac	0.343481	0.427257	0.27646	0.284838
gyr	0	0	-0.0528928
local y:	0.0401277	0.999195	0

t	2.18506
pos	0.230327	0.147275	0
vel	0.168276	0.174223	0
rotvel	0	0	-0.0188074
q	0.999792 0	0	0.0203841
tac	0.343481	0.427257	0.27646	0.284838
gyr	0	0	-0.04783
local y:	0.0407598	0.999169	0

t	2.20644
pos	0.250316	0.154217	0
vel	0.181082	0.179677	0
rotvel	0	0	-0.019312
q	0.999777 0	0	0.0211274
tac	0.360236	0.427257	0.293215	0.293215
gyr	0	0	-0.0989908
local y:	0.0422453	0.999107	0

t	2.22865
pos	0.271576	0.16146	0
vel	0.194449	0.18514	0
rotvel	0	0	-0.0193281
q	0.999772 0	0	0.0213593
tac	0.360236	0.427257	0.293215	0.293215
gyr	0	0	-0.0122573
local y:	0.0427089	0.999088	0

t	2.2508
pos	0.293208	0.168755	0
vel	0.207781	0.190441	0
rotvel	0	0	-0.0201026
q	0.999749 0	0	0.0224218
tac	0.368614	0.435634	0.301593	0.301593
gyr	0	0	-0.149619
local y:	0.0448323	0.998995	0

t	2.27228
pos	0.316276	0.175976	0
vel	0.222	0.195614	0
rotvel	0	0	-0.0208007
q	0.999726 0	0	0.023407
tac	0.368614	0.435634	0.301593	0.301593
gyr	0	0	-0.0626187
local y:	0.0468011	0.998904	0

t	2.2939
pos	0.340598	0.183305	0
vel	0.236819	0.2007	0
rotvel	0	0	-0.0213777
q	0.999705 0	0	0.0242719
tac	0.376991	0.444012	0.30997	0.30997
gyr	0	0	-0.0722113
local y:	0.0485294	0.998822	0

t	2.31541
pos	0.365725	0.190615	0
vel	0.251923	0.205585	0
rotvel	0	0	-0.022104
q	0.99968 0	0	0.0253123
tac	0.376991	0.444012	0.30997	0.30997
gyr	0	0	-0.126303
local y:	0.0506083	0.998719	0

t	2.33671
pos	0.392014	0.197912	0
vel	0.267576	0.210296	0
rotvel	0	0	-0.0226347
q	0.999658 0	0	0.0261444
tac	0.385369	0.444012	0.30997	0.318348
gyr	0	0	-0.0225161
local y:	0.052271	0.998633	0

t	2.35822
pos	0.418435	0.205226	0
vel	0.282941	0.214782	0
rotvel	0	0	-0.023092
q	0.999638 0	0	0.0269055
tac	0.385369	0.444012	0.30997	0.318348
gyr	0	0	-0.185325
local y:	0.0537915	0.998552	0

t	2.38006
pos	0.446985	0.21271	0
vel	0.299448	0.219234	0
rotvel	0	0	-0.0239189
q	0.999605 0	0	0.028099
tac	0.402124	0.444012	0.318348	0.326726
gyr	0	0	-0.0826034
local y:	0.0561757	0.998421	0

t	2.40155
pos	0.475943	0.220075	0
vel	0.315963	0.223452	0
rotvel	0	0	-0.0244058
q	0.999582 0	0	0.0289127
tac	0.402124	0.444012	0.318348	0.326726
gyr	0	0	-0.0967259
local y:	0.0578012	0.998328	0

t	2.42304
pos	0.505843	0.227475	0
vel	0.332795	0.227554	0
rotvel	0	0	-0.0249005
q	0.999558 0	0	0.029744
tac	0.410501	0.444012	0.326726	0.326726
gyr	0	0	-0.09566
local y:	0.0594616	0.998231	0

t	2.44482
pos	0.536189	0.234907	0
vel	0.349497	0.231427	0
rotvel	0	0	-0.0254127
q	0.999531 0	0	0.0306084
tac	0.418879	0.444012	0.326726	0.335103
gyr	0	0	-0.0750092
local y:	0.0611881	0.998126	0

t	2.46683
pos	0.567377	0.242405	0
vel	0.366385	0.235186	0
rotvel	0	0	-0.0258055
q	0.999509 0	0	0.0313452
tac	0.418879	0.444012	0.326726	0.335103
gyr	0	0	-0.0888652
local y:	0.0626596	0.998035	0

t	2.48825
pos	0.599075	0.249747	0
vel	0.383434	0.238789	0
rotvel	0	0	-0.0263752
q	0.999479 0	0	0.0322875
tac	0.427257	0.452389	0.335103	0.335103
gyr	0	0	-0.0794058
local y:	0.0645414	0.997915	0

t	2.51023
pos	0.631896	0.257268	0
vel	0.400721	0.242281	0
rotvel	0	0	-0.0268339
q	0.999451 0	0	0.0331178
tac	0.427257	0.452389	0.335103	0.335103
gyr	0	0	-0.114712
local y:	0.0661992	0.997806	0

t	2.53205
pos	0.664502	0.264669	0
vel	0.417535	0.245531	0
rotvel	0	0	-0.0271695
q	0.999428 0	0	0.033808
tac	0.427257	0.452389	0.335103	0.326726
gyr	0	0	-0.0646171
local y:	0.0675774	0.997714	0

t	2.55359
pos	0.696738	0.271924	0
vel	0.43382	0.248555	0
rotvel	0	0	-0.02774
q	0.999395 0	0	0.0347782
tac	0.427257	0.452389	0.335103	0.326726
gyr	0	0	-0.105919
local y:	0.0695144	0.997581	0

t	2.57556
pos	0.729796	0.279298	0
vel	0.450175	0.251454	0
rotvel	0	0	-0.0279453
q	0.999376 0	0	0.0353301
tac	0.435634	0.452389	0.335103	0.335103
gyr	0	0	-0.0642175
local y:	0.0706162	0.997504	0

t	2.5972
pos	0.762856	0.286554	0
vel	0.466306	0.254221	0
rotvel	0	0	-0.0284927
q	0.999341 0	0	0.0362895
tac	0.435634	0.452389	0.335103	0.335103
gyr	0	0	-0.118309
local y:	0.0725313	0.997366	0

t	2.61885
pos	0.795992	0.293776	0
vel	0.482121	0.256806	0
rotvel	0	0	-0.028695
q	0.999321 0	0	0.0368442
tac	0.435634	0.452389	0.335103	0.335103
gyr	0	0	-0.0399694
local y:	0.0736383	0.997285	0

t	2.64087
pos	0.82891	0.301025	0
vel	0.497373	0.259236	0
rotvel	0	0	-0.0291832
q	0.999287 0	0	0.0377515
tac	0.435634	0.452389	0.335103	0.335103
gyr	0	0	-0.150018
local y:	0.0754491	0.99715	0

t	2.66479
pos	0.862458	0.308689	0
vel	0.512062	0.261448	0
rotvel	0	0	-0.0295566
q	0.999256 0	0	0.0385556
tac	0.435634	0.452389	0.335103	0.326726
gyr	0	0	-0.065683
local y:	0.077054	0.997027	0

t	2.68649
pos	0.894697	0.315736	0
vel	0.526285	0.263494	0
rotvel	0	0	-0.0301531
q	0.999215 0	0	0.0396052
tac	0.435634	0.444012	0.335103	0.326726
gyr	0	0	-0.131366
local y:	0.0791483	0.996863	0

t	2.70772
pos	0.92627	0.322567	0
vel	0.539952	0.265354	0
rotvel	0	0	-0.030458
q	0.999188 0	0	0.0402997
tac	0.435634	0.444012	0.335103	0.326726
gyr	0	0	-0.0522266
local y:	0.0805338	0.996752	0

t	2.72883
pos	0.957705	0.329328	0
vel	0.553296	0.267097	0
rotvel	0	0	-0.0311264
q	0.999141 0	0	0.0414398
tac	0.435634	0.452389	0.335103	0.326726
gyr	0	0	-0.190654
local y:	0.0828085	0.996565	0

t	2.75002
pos	0.989592	0.336063	0
vel	0.566648	0.268727	0
rotvel	0	0	-0.0315507
q	0.999105 0	0	0.04229
tac	0.435634	0.452389	0.335103	0.326726
gyr	0	0	-0.096193
local y:	0.0845043	0.996423	0

t	2.77121
pos	1.02106	0.342743	0
vel	0.579448	0.270211	0
rotvel	0	0	-0.0321858
q	0.999058 0	0	0.0434019
tac	0.435634	0.452389	0.326726	0.326726
gyr	0	0	-0.209839
local y:	0.086722	0.996233	0

t	2.79228
pos	1.05207	0.349298	0
vel	0.591752	0.271531	0
rotvel	0	0	-0.0327835
q	0.999011 0	0	0.0444709
tac	0.435634	0.452389	0.326726	0.326726
gyr	0	0	-0.105919
local y:	0.0888539	0.996045	0

t	2.81335
pos	1.08256	0.35582	0
vel	0.603433	0.27272	0
rotvel	0	0	-0.0332621
q	0.998969 0	0	0.0454021
tac	0.427257	0.452389	0.326726	0.326726
gyr	0	0	-0.117377
local y:	0.0907105	0.995877	0

t	2.83455
pos	1.11245	0.362283	0
vel	0.614493	0.273783	0
rotvel	0	0	-0.0337426
q	0.998926 0	0	0.0463398
tac	0.427257	0.452389	0.326726	0.326726
gyr	0	0	-0.13936
local y:	0.0925801	0.995705	0

t	2.85554
pos	1.14123	0.368618	0
vel	0.624713	0.274709	0
rotvel	0	0	-0.0342514
q	0.99888 0	0	0.0473123
tac	0.427257	0.444012	0.326726	0.318348
gyr	0	0	-0.0985911
local y:	0.0945187	0.995523	0

t	2.87665
pos	1.16903	0.374938	0
vel	0.634047	0.275519	0
rotvel	0	0	-0.0344206
q	0.998853 0	0	0.0478845
tac	0.427257	0.444012	0.326726	0.318348
gyr	0	0	-0.0868668
local y:	0.0956592	0.995414	0

t	2.89777
pos	1.19486	0.381175	0
vel	0.641924	0.27616	0
rotvel	0	0	-0.0353578
q	0.99878 0	0	0.04938
tac	0.427257	0.444012	0.318348	0.301593
gyr	0	0	-0.168804
local y:	0.0986395	0.995123	0

t	2.91893
pos	1.2199	0.387358	0
vel	0.64916	0.276704	0
rotvel	0	0	-0.0356903
q	0.998741 0	0	0.0501577
tac	0.427257	0.444012	0.318348	0.301593
gyr	0	0	-0.150285
local y:	0.100189	0.994968	0

t	2.94013
pos	1.24456	0.393529	0
vel	0.655985	0.277186	0
rotvel	0	0	-0.0363599
q	0.998681 0	0	0.051336
tac	0.435634	0.444012	0.318348	0.293215
gyr	0	0	-0.200113
local y:	0.102537	0.994729	0

t	2.96122
pos	1.26868	0.399625	0
vel	0.6624	0.277605	0
rotvel	0	0	-0.0368042
q	0.998634 0	0	0.0522497
tac	0.435634	0.444012	0.318348	0.293215
gyr	0	0	-0.116311
local y:	0.104357	0.99454	0

t	2.98239
pos	1.29099	0.405686	0
vel	0.667549	0.277922	0
rotvel	0	0	-0.0371882
q	0.998589 0	0	0.0530975
tac	0.427257	0.444012	0.30997	0.293215
gyr	0	0	-0.0893982
local y:	0.106045	0.994361	0

t	3.00383
pos	1.31269	0.411784	0
vel	0.672125	0.27819	0
rotvel	0	0	-0.0375492
q	0.998545 0	0	0.0539257
tac	0.435634	0.444012	0.301593	0.284838
gyr	0	0	-0.158945
local y:	0.107694	0.994184	0

t	3.02573
pos	1.33363	0.417999	0
vel	0.675927	0.278397	0
rotvel	0	0	-0.0380739
q	0.998489 0	0	0.054954
tac	0.435634	0.444012	0.301593	0.284838
gyr	0	0	-0.088732
local y:	0.109742	0.99396	0

t	3.04746
pos	1.35348	0.424136	0
vel	0.679075	0.278558	0
rotvel	0	0	-0.0383334
q	0.998449 0	0	0.05568
tac	0.427257	0.444012	0.301593	0.27646
gyr	0	0	-0.159877
local y:	0.111187	0.993799	0

t	3.06875
pos	1.37139	0.430123	0
vel	0.681159	0.278656	0
rotvel	0	0	-0.0391266
q	0.998374 0	0	0.0569949
tac	0.427257	0.444012	0.301593	0.27646
gyr	0	0	-0.239417
local y:	0.113804	0.993503	0

t	3.09055
pos	1.38805	0.436215	0
vel	0.682257	0.278704	0
rotvel	0	0	-0.039393
q	0.998332 0	0	0.0577352
tac	0.418879	0.444012	0.293215	0.268083
gyr	0	0	-0.0602205
local y:	0.115278	0.993333	0

t	3.11201
pos	1.40253	0.442195	0
vel	0.682163	0.2787	0
rotvel	0	0	-0.0399938
q	0.998268 0	0	0.0588324
tac	0.418879	0.444012	0.293215	0.268083
gyr	0	0	-0.259934
local y:	0.117461	0.993077	0

t	3.13321
pos	1.41579	0.4481	0
vel	0.681433	0.278675	0
rotvel	0	0	-0.0404928
q	0.99821 0	0	0.0598113
tac	0.418879	0.435634	0.293215	0.268083
gyr	0	0	-0.0706126
local y:	0.119409	0.992845	0

t	3.15439
pos	1.42815	0.453981	0
vel	0.680217	0.278635	0
rotvel	0	0	-0.0408182
q	0.998162 0	0	0.0606052
tac	0.418879	0.435634	0.293215	0.268083
gyr	0	0	-0.156147
local y:	0.120988	0.992654	0

t	3.17556
pos	1.43967	0.459873	0
vel	0.678504	0.278583	0
rotvel	0	0	-0.0411819
q	0.998111 0	0	0.0614401
tac	0.418879	0.435634	0.284838	0.268083
gyr	0	0	-0.110582
local y:	0.122648	0.99245	0

t	3.19708
pos	1.45054	0.46586	0
vel	0.676307	0.278524	0
rotvel	0	0	-0.0416999
q	0.998049 0	0	0.062435
tac	0.418879	0.435634	0.284838	0.268083
gyr	0	0	-0.192119
local y:	0.124626	0.992204	0

t	3.21889
pos	1.46055	0.471936	0
vel	0.673529	0.278457	0
rotvel	0	0	-0.0420903
q	0.997994 0	0	0.063307
tac	0.418879	0.435634	0.27646	0.268083
gyr	0	0	-0.070879
local y:	0.12636	0.991984	0

t	3.24005
pos	1.46938	0.477815	0
vel	0.670394	0.278389	0
rotvel	0	0	-0.0423525
q	0.997947 0	0	0.06404
tac	0.418879	0.435634	0.27646	0.268083
gyr	0	0	-0.135896
local y:	0.127817	0.991798	0

t	3.26191
pos	1.47607	0.483898	0
vel	0.665813	0.278301	0
rotvel	0	0	-0.0427632
q	0.99789 0	0	0.0649278
tac	0.410501	0.435634	0.268083	0.259705
gyr	0	0	-0.152017
local y:	0.129582	0.991569	0

t	3.28355
pos	1.4818	0.489956	0
vel	0.660811	0.278217	0
rotvel	0	0	-0.0429916
q	0.997843 0	0	0.0656442
tac	0.410501	0.435634	0.268083	0.259705
gyr	0	0	-0.0576891
local y:	0.131005	0.991382	0

t	3.3051
pos	1.48823	0.495986	0
vel	0.65634	0.27815	0
rotvel	0	0	-0.0431412
q	0.997801 0	0	0.0662867
tac	0.410501	0.435634	0.268083	0.268083
gyr	0	0	-0.0987244
local y:	0.132282	0.991212	0

t	3.32624
pos	1.49375	0.501914	0
vel	0.651577	0.278088	0
rotvel	0	0	-0.0435134
q	0.997745 0	0	0.0671201
tac	0.402124	0.427257	0.259705	0.259705
gyr	0	0	-0.135096
local y:	0.133938	0.99099	0

t	3.34773
pos	1.49578	0.507955	0
vel	0.644815	0.278016	0
rotvel	0	0	-0.0437762
q	0.997695 0	0	0.0678619
tac	0.402124	0.427257	0.259705	0.259705
gyr	0	0	-0.102721
local y:	0.135411	0.99079	0

t	3.36911
pos	1.49743	0.514009	0
vel	0.637964	0.277957	0
rotvel	0	0	-0.0441565
q	0.997637 0	0	0.0687006
tac	0.402124	0.427257	0.259705	0.251327
gyr	0	0	-0.262732
local y:	0.137076	0.99056	0

t	3.3904
pos	1.49794	0.520054	0
vel	0.630628	0.277913	0
rotvel	0	0	-0.0444627
q	0.997584 0	0	0.0694737
tac	0.402124	0.427257	0.259705	0.251327
gyr	0	0	-0.0948606
local y:	0.138612	0.990347	0

t	3.41195
pos	1.49789	0.526193	0
vel	0.623017	0.277883	0
rotvel	0	0	-0.0447651
q	0.99753 0	0	0.0702459
tac	0.402124	0.418879	0.259705	0.24295
gyr	0	0	-0.186124
local y:	0.140145	0.990131	0

t	3.43432
pos	1.49682	0.5326	0
vel	0.614676	0.277868	0
rotvel	0	0	-0.0450701
q	0.997474 0	0	0.0710363
tac	0.402124	0.418879	0.259705	0.24295
gyr	0	0	-0.124038
local y:	0.141714	0.989908	0

t	3.45635
pos	1.49538	0.53893	0
vel	0.606396	0.27787	0
rotvel	0	0	-0.04538
q	0.997418 0	0	0.0718201
tac	0.410501	0.418879	0.251327	0.24295
gyr	0	0	-0.165606
local y:	0.143269	0.989684	0

t	3.47796
pos	1.49353	0.545143	0
vel	0.598193	0.277889	0
rotvel	0	0	-0.045594
q	0.997367 0	0	0.0725262
tac	0.410501	0.418879	0.251327	0.24295
gyr	0	0	-0.11751
local y:	0.14467	0.98948	0

t	3.49964
pos	1.49122	0.551425	0
vel	0.589822	0.277924	0
rotvel	0	0	-0.0459075
q	0.99731 0	0	0.0732999
tac	0.410501	0.418879	0.251327	0.234572
gyr	0	0	-0.23462
local y:	0.146205	0.989254	0

t	3.521
pos	1.48808	0.557632	0
vel	0.581258	0.277977	0
rotvel	0	0	-0.046129
q	0.997258 0	0	0.0740064
tac	0.410501	0.418879	0.251327	0.234572
gyr	0	0	-0.0514273
local y:	0.147607	0.989046	0

t	3.54211
pos	1.48409	0.563827	0
vel	0.572419	0.278047	0
rotvel	0	0	-0.0462849
q	0.997208 0	0	0.0746675
tac	0.402124	0.418879	0.251327	0.234572
gyr	0	0	-0.166672
local y:	0.148918	0.98885	0

t	3.56352
pos	1.48	0.5701	0
vel	0.563607	0.278133	0
rotvel	0	0	-0.0465815
q	0.997152 0	0	0.075412
tac	0.402124	0.418879	0.251327	0.234572
gyr	0	0	-0.130833
local y:	0.150394	0.988626	0

t	3.58536
pos	1.47612	0.576501	0
vel	0.554928	0.278233	0
rotvel	0	0	-0.0468271
q	0.997098 0	0	0.0761333
tac	0.410501	0.410501	0.251327	0.234572
gyr	0	0	-0.212371
local y:	0.151825	0.988407	0

t	3.60645
pos	1.47182	0.582739	0
vel	0.546361	0.278348	0
rotvel	0	0	-0.0471373
q	0.997041 0	0	0.0768664
tac	0.410501	0.410501	0.251327	0.234572
gyr	0	0	-0.106052
local y:	0.153278	0.988183	0

t	3.62779
pos	1.46563	0.589108	0
vel	0.536858	0.278493	0
rotvel	0	0	-0.0473142
q	0.996989 0	0	0.077546
tac	0.410501	0.410501	0.24295	0.226195
gyr	0	0	-0.226493
local y:	0.154625	0.987973	0

t	3.64921
pos	1.4595	0.595517	0
vel	0.527515	0.278653	0
rotvel	0	0	-0.0476948
q	0.99693 0	0	0.0783028
tac	0.410501	0.410501	0.24295	0.226195
gyr	0	0	-0.0820704
local y:	0.156125	0.987737	0

t	3.6703
pos	1.45324	0.601849	0
vel	0.518344	0.278827	0
rotvel	0	0	-0.0478129
q	0.996878 0	0	0.0789549
tac	0.410501	0.410501	0.24295	0.226195
gyr	0	0	-0.104187
local y:	0.157417	0.987532	0

t	3.69176
pos	1.44721	0.608287	0
vel	0.509354	0.279011	0
rotvel	0	0	-0.0480823
q	0.996822 0	0	0.0796576
tac	0.410501	0.410501	0.24295	0.226195
gyr	0	0	-0.233821
local y:	0.158809	0.987309	0

t	3.71356
pos	1.44143	0.614864	0
vel	0.500521	0.279208	0
rotvel	0	0	-0.048302
q	0.996766 0	0	0.0803539
tac	0.410501	0.410501	0.24295	0.226195
gyr	0	0	-0.15215
local y:	0.160188	0.987087	0

t	3.73464
pos	1.43552	0.621229	0
vel	0.49196	0.279414	0
rotvel	0	0	-0.0486231
q	0.996711 0	0	0.0810419
tac	0.410501	0.418879	0.234572	0.234572
gyr	0	0	-0.255937
local y:	0.161551	0.986864	0

t	3.75604
pos	1.43067	0.627701	0
vel	0.483979	0.279619	0
rotvel	0	0	-0.048828
q	0.996655 0	0	0.0817206
tac	0.410501	0.418879	0.234572	0.234572
gyr	0	0	-0.0993905
local y:	0.162895	0.986643	0

t	3.77758
pos	1.4259	0.634212	0
vel	0.476143	0.279833	0
rotvel	0	0	-0.0490602
q	0.9966 0	0	0.0823971
tac	0.418879	0.410501	0.234572	0.234572
gyr	0	0	-0.168671
local y:	0.164234	0.986421	0

t	3.79887
pos	1.42105	0.640667	0
vel	0.468451	0.280056	0
rotvel	0	0	-0.0492553
q	0.996544 0	0	0.0830629
tac	0.418879	0.410501	0.234572	0.234572
gyr	0	0	-0.22183
local y:	0.165552	0.986201	0

t	3.81992
pos	1.41615	0.647068	0
vel	0.460901	0.280286	0
rotvel	0	0	-0.049498
q	0.996489 0	0	0.0837181
tac	0.418879	0.418879	0.234572	0.226195
gyr	0	0	-0.123106
local y:	0.166849	0.985983	0

t	3.84147
pos	1.41153	0.653633	0
vel	0.453487	0.280525	0
rotvel	0	0	-0.049681
q	0.996433 0	0	0.0843907
tac	0.418879	0.418879	0.234572	0.226195
gyr	0	0	-0.164407
local y:	0.168179	0.985756	0

t	3.86271
pos	1.40608	0.66015	0
vel	0.44584	0.280783	0
rotvel	0	0	-0.0498783
q	0.996377 0	0	0.0850465
tac	0.410501	0.418879	0.234572	0.226195
gyr	0	0	-0.111248
local y:	0.169477	0.985534	0

t	3.8837
pos	1.40027	0.666612	0
vel	0.438183	0.281054	0
rotvel	0	0	-0.0500384
q	0.996321 0	0	0.0857001
tac	0.410501	0.418879	0.234572	0.226195
gyr	0	0	-0.144556
local y:	0.17077	0.985311	0

t	3.90517
pos	1.39537	0.673205	0
vel	0.430991	0.281319	0
rotvel	0	0	-0.05021
q	0.996264 0	0	0.086357
tac	0.418879	0.410501	0.234572	0.234572
gyr	0	0	-0.162542
local y:	0.172069	0.985085	0

t	3.92646
pos	1.39085	0.679737	0
vel	0.424142	0.281582	0
rotvel	0	0	-0.0503412
q	0.996206 0	0	0.0870225
tac	0.418879	0.410501	0.234572	0.234572
gyr	0	0	-0.0763415
local y:	0.173385	0.984854	0

t	3.94758
pos	1.38633	0.686251	0
vel	0.417415	0.281852	0
rotvel	0	0	-0.0505332
q	0.996151 0	0	0.0876504
tac	0.410501	0.418879	0.234572	0.234572
gyr	0	0	-0.189188
local y:	0.174626	0.984635	0

t	3.96888
pos	1.38196	0.692827	0
vel	0.410822	0.282125	0
rotvel	0	0	-0.0507135
q	0.996095 0	0	0.0882846
tac	0.410501	0.418879	0.234572	0.234572
gyr	0	0	-0.135363
local y:	0.17588	0.984412	0

t	3.99032
pos	1.37861	0.699388	0
vel	0.404823	0.282383	0
rotvel	0	0	-0.0509163
q	0.996041 0	0	0.0888928
tac	0.410501	0.418879	0.24295	0.234572
gyr	0	0	-0.228891
local y:	0.177082	0.984196	0

t	4.01137
pos	1.37529	0.705863	0
vel	0.398991	0.282642	0
rotvel	0	0	-0.0510937
q	0.995986 0	0	0.0895048
tac	0.410501	0.418879	0.24295	0.234572
gyr	0	0	-0.160144
local y:	0.178291	0.983978	0

t	4.03273
pos	1.37216	0.712449	0
vel	0.393264	0.282904	0
rotvel	0	0	-0.0512687
q	0.995931 0	0	0.0901209
tac	0.410501	0.418879	0.24295	0.234572
gyr	0	0	-0.19958
local y:	0.179508	0.983756	0

t	4.05392
pos	1.36877	0.718989	0
vel	0.387541	0.283174	0
rotvel	0	0	-0.0514355
q	0.995875 0	0	0.0907342
tac	0.410501	0.418879	0.234572	0.234572
gyr	0	0	-0.121773
local y:	0.18072	0.983535	0

t	4.07507
pos	1.36461	0.725589	0
vel	0.381515	0.283467	0
rotvel	0	0	-0.0516307
q	0.995822 0	0	0.0913119
tac	0.410501	0.418879	0.234572	0.234572
gyr	0	0	-0.249809
local y:	0.181861	0.983324	0

t	4.09638
pos	1.36024	0.732226	0
vel	0.375466	0.283769	0
rotvel	0	0	-0.0518026
q	0.995767 0	0	0.0919095
tac	0.410501	0.410501	0.234572	0.234572
gyr	0	0	-0.157746
local y:	0.183041	0.983105	0

t	4.11761
pos	1.35521	0.738907	0
vel	0.369185	0.284091	0
rotvel	0	0	-0.0519701
q	0.995713 0	0	0.0924994
tac	0.410501	0.410501	0.234572	0.234572
gyr	0	0	-0.208773
local y:	0.184206	0.982888	0

t	4.13905
pos	1.34995	0.745668	0
vel	0.36285	0.284423	0
rotvel	0	0	-0.0521723
q	0.995663 0	0	0.093035
tac	0.410501	0.410501	0.234572	0.226195
gyr	0	0	-0.191054
local y:	0.185263	0.982689	0

t	4.1603
pos	1.34411	0.752408	0
vel	0.356361	0.284772	0
rotvel	0	0	-0.052333
q	0.995608 0	0	0.0936243
tac	0.410501	0.410501	0.234572	0.226195
gyr	0	0	-0.180662
local y:	0.186426	0.982469	0

t	4.18163
pos	1.33842	0.7592	0
vel	0.350015	0.285122	0
rotvel	0	0	-0.0524947
q	0.995553 0	0	0.0942066
tac	0.402124	0.418879	0.226195	0.234572
gyr	0	0	-0.196649
local y:	0.187575	0.98225	0

t	4.20316
pos	1.33291	0.766045	0
vel	0.343814	0.285472	0
rotvel	0	0	-0.052656
q	0.995498 0	0	0.094784
tac	0.402124	0.418879	0.226195	0.234572
gyr	0	0	-0.189721
local y:	0.188714	0.982032	0

t	4.22441
pos	1.32792	0.772784	0
vel	0.337992	0.285808	0
rotvel	0	0	-0.0527908
q	0.995439 0	0	0.0954045
tac	0.410501	0.418879	0.226195	0.234572
gyr	0	0	-0.161343
local y:	0.189939	0.981796	0

t	4.24582
pos	1.3236	0.779565	0
vel	0.332534	0.286131	0
rotvel	0	0	-0.0529519
q	0.995385 0	0	0.0959641
tac	0.410501	0.418879	0.226195	0.234572
gyr	0	0	-0.217567
local y:	0.191042	0.981582	0

t	4.26746
pos	1.31881	0.786462	0
vel	0.326894	0.286473	0
rotvel	0	0	-0.0530858
q	0.995325 0	0	0.0965851
tac	0.402124	0.418879	0.226195	0.234572
gyr	0	0	-0.124838
local y:	0.192267	0.981343	0

t	4.28855
pos	1.31345	0.793215	0
vel	0.321161	0.286828	0
rotvel	0	0	-0.0532197
q	0.995267 0	0	0.0971762
tac	0.402124	0.418879	0.226195	0.234572
gyr	0	0	-0.204643
local y:	0.193433	0.981114	0

t	4.31012
pos	1.30645	0.800234	0
vel	0.314666	0.287239	0
rotvel	0	0	-0.0533693
q	0.995212 0	0	0.0977402
tac	0.402124	0.418879	0.217817	0.226195
gyr	0	0	-0.212104
local y:	0.194544	0.980894	0

t	4.33161
pos	1.29934	0.807244	0
vel	0.308226	0.287655	0
rotvel	0	0	-0.0535002
q	0.995152 0	0	0.0983528
tac	0.402124	0.418879	0.217817	0.226195
gyr	0	0	-0.162675
local y:	0.195752	0.980653	0

t	4.35297
pos	1.29234	0.814261	0
vel	0.301925	0.288071	0
rotvel	0	0	-0.0536303
q	0.995092 0	0	0.0989577
tac	0.402124	0.418879	0.217817	0.226195
gyr	0	0	-0.161476
local y:	0.196944	0.980415	0

t	4.37417
pos	1.28556	0.821183	0
vel	0.295856	0.288481	0
rotvel	0	0	-0.0537548
q	0.995031 0	0	0.0995677
tac	0.410501	0.427257	0.217817	0.226195
gyr	0	0	-0.165073
local y:	0.198146	0.980173	0

t	4.39585
pos	1.28094	0.828134	0
vel	0.290794	0.28883	0
rotvel	0	0	-0.0538882
q	0.994971 0	0	0.100162
tac	0.410501	0.427257	0.217817	0.226195
gyr	0	0	-0.196516
local y:	0.199317	0.979935	0

t	4.41734
pos	1.27612	0.835062	0
vel	0.285733	0.289185	0
rotvel	0	0	-0.0540067
q	0.994906 0	0	0.100808
tac	0.402124	0.427257	0.217817	0.226195
gyr	0	0	-0.0963262
local y:	0.200589	0.979676	0

t	4.43844
pos	1.27035	0.84195	0
vel	0.280357	0.289572	0
rotvel	0	0	-0.0541084
q	0.994835 0	0	0.101509
tac	0.402124	0.427257	0.217817	0.226195
gyr	0	0	-0.156014
local y:	0.20197	0.979392	0

t	4.45984
pos	1.26506	0.84892	0
vel	0.275229	0.289949	0
rotvel	0	0	-0.0542267
q	0.994772 0	0	0.102118
tac	0.402124	0.427257	0.226195	0.226195
gyr	0	0	-0.062219
local y:	0.203168	0.979144	0

t	4.48155
pos	1.26061	0.855936	0
vel	0.270515	0.290303	0
rotvel	0	0	-0.0543127
q	0.99469 0	0	0.102914
tac	0.402124	0.427257	0.226195	0.226195
gyr	0	0	-0.0728775
local y:	0.204735	0.978818	0

t	4.50383
pos	1.25671	0.863095	0
vel	0.266053	0.290647	0
rotvel	0	0	-0.054421
q	0.994623 0	0	0.103563
tac	0.402124	0.427257	0.226195	0.234572
gyr	0	0	-0.161343
local y:	0.206013	0.978549	0

t	4.52568
pos	1.25341	0.870104	0
vel	0.261965	0.290968	0
rotvel	0	0	-0.0545253
q	0.994555 0	0	0.104214
tac	0.402124	0.427257	0.226195	0.234572
gyr	0	0	-0.0667489
local y:	0.207293	0.978279	0

t	4.54778
pos	1.2496	0.877214	0
vel	0.257686	0.29131	0
rotvel	0	0	-0.0546206
q	0.994482 0	0	0.104904
tac	0.393746	0.418879	0.234572	0.234572
gyr	0	0	-0.19585
local y:	0.208649	0.97799	0

t	4.56939
pos	1.24519	0.884267	0
vel	0.253244	0.291672	0
rotvel	0	0	-0.0547193
q	0.994418 0	0	0.105516
tac	0.393746	0.418879	0.234572	0.234572
gyr	0	0	-0.0842021
local y:	0.209854	0.977733	0

t	4.59086
pos	1.24211	0.891172	0
vel	0.249468	0.291985	0
rotvel	0	0	-0.0548056
q	0.994344 0	0	0.106209
tac	0.393746	0.418879	0.24295	0.24295
gyr	0	0	-0.126436
local y:	0.211217	0.977439	0

t	4.61265
pos	1.23999	0.898095	0
vel	0.24614	0.292266	0
rotvel	0	0	-0.0548981
q	0.994279 0	0	0.106811
tac	0.393746	0.418879	0.24295	0.24295
gyr	0	0	-0.124305
local y:	0.2124	0.977183	0

t	4.63451
pos	1.23869	0.905001	0
vel	0.243207	0.292517	0
rotvel	0	0	-0.054985
q	0.99421 0	0	0.107453
tac	0.393746	0.418879	0.24295	0.251327
gyr	0	0	-0.206242
local y:	0.213662	0.976908	0

t	4.656
pos	1.23766	0.911778	0
vel	0.240464	0.292756	0
rotvel	0	0	-0.0550703
q	0.994141 0	0	0.10809
tac	0.393746	0.418879	0.24295	0.251327
gyr	0	0	-0.0707458
local y:	0.214913	0.976633	0

t	4.67767
pos	1.23776	0.918537	0
vel	0.238234	0.292954	0
rotvel	0	0	-0.0551571
q	0.994073 0	0	0.108719
tac	0.402124	0.418879	0.24295	0.251327
gyr	0	0	-0.240216
local y:	0.216149	0.97636	0

t	4.69948
pos	1.23812	0.925297	0
vel	0.236137	0.293142	0
rotvel	0	0	-0.0552453
q	0.99401 0	0	0.109291
tac	0.402124	0.410501	0.251327	0.259705
gyr	0	0	-0.0526263
local y:	0.217272	0.976111	0

t	4.72095
pos	1.23926	0.931923	0
vel	0.234435	0.293298	0
rotvel	0	0	-0.0553201
q	0.99393 0	0	0.110016
tac	0.402124	0.410501	0.251327	0.259705
gyr	0	0	-0.158945
local y:	0.218695	0.975793	0

t	4.74284
pos	1.24046	0.938678	0
vel	0.232736	0.293455	0
rotvel	0	0	-0.0554012
q	0.993867 0	0	0.110579
tac	0.402124	0.410501	0.251327	0.259705
gyr	0	0	-0.147887
local y:	0.219802	0.975545	0

t	4.76445
pos	1.24154	0.945344	0
vel	0.231041	0.293615	0
rotvel	0	0	-0.0554741
q	0.993779 0	0	0.111372
tac	0.402124	0.410501	0.251327	0.259705
gyr	0	0	0.0930515
local y:	0.221358	0.975193	0

t	4.78603
pos	1.24303	0.95199	0
vel	0.229543	0.293758	0
rotvel	0	0	-0.0555532
q	0.993722 0	0	0.111879
tac	0.402124	0.410501	0.259705	0.259705
gyr	0	0	-0.0839357
local y:	0.222353	0.974966	0

t	4.8075
pos	1.24512	0.958542	0
vel	0.228332	0.293875	0
rotvel	0	0	-0.0556256
q	0.993639 0	0	0.112608
tac	0.402124	0.410501	0.259705	0.259705
gyr	0	0	-0.195983
local y:	0.223783	0.974639	0

t	4.82929
pos	1.24803	0.965119	0
vel	0.227458	0.293961	0
rotvel	0	0	-0.0557028
q	0.99359 0	0	0.11304
tac	0.410501	0.410501	0.259705	0.259705
gyr	0	0	-0.239017
local y:	0.224631	0.974444	0

t	4.85105
pos	1.25121	0.971656	0
vel	0.226715	0.294035	0
rotvel	0	0	-0.0557768
q	0.993505 0	0	0.113786
tac	0.410501	0.410501	0.259705	0.259705
gyr	0	0	-0.0770077
local y:	0.226094	0.974105	0

t	4.87254
pos	1.25427	0.978136	0
vel	0.22595	0.294112	0
rotvel	0	0	-0.0558509
q	0.993451 0	0	0.11426
tac	0.410501	0.410501	0.259705	0.259705
gyr	0	0	-0.200779
local y:	0.227023	0.973889	0

t	4.89412
pos	1.25731	0.984668	0
vel	0.225173	0.294191	0
rotvel	0	0	-0.0559242
q	0.993377 0	0	0.114904
tac	0.410501	0.410501	0.259705	0.259705
gyr	0	0	-0.111381
local y:	0.228285	0.973594	0

t	4.9157
pos	1.26025	0.991185	0
vel	0.224374	0.294273	0
rotvel	0	0	-0.0559964
q	0.993307 0	0	0.115502
tac	0.410501	0.410501	0.259705	0.259705
gyr	0	0	-0.166006
local y:	0.229457	0.973319	0

t	4.93715
pos	1.26311	0.997672	0
vel	0.223559	0.294358	0
rotvel	0	0	-0.0560688
q	0.99323 0	0	0.116164
tac	0.410501	0.410501	0.259705	0.259705
gyr	0	0	-0.0804717
local y:	0.230756	0.973012	0

t	4.9589
pos	1.26825	1.00405	0
vel	0.223673	0.294346	0
rotvel	0	0	-0.0561434
q	0.993155 0	0	0.116805
tac	0.418879	0.418879	0.259705	0.259705
gyr	0	0	-0.16121
local y:	0.232011	0.972713	0

t	4.98069
pos	1.27317	1.01046	0
vel	0.223692	0.294344	0
rotvel	0	0	-0.0562172
q	0.993079 0	0	0.117451
tac	0.418879	0.410501	0.259705	0.259705
gyr	0	0	-0.139227
local y:	0.233277	0.97241	0

t	5.00199
pos	1.27685	1.01685	0
vel	0.223242	0.294393	0
rotvel	0	0	-0.0562878
q	0.993008 0	0	0.118045
tac	0.418879	0.410501	0.259705	0.259705
gyr	0	0	-0.0912634
local y:	0.234439	0.972131	0

t	5.02362
pos	1.28074	1.0233	0
vel	0.222856	0.294435	0
rotvel	0	0	-0.0563603
q	0.992925 0	0	0.118745
tac	0.418879	0.410501	0.268083	0.259705
gyr	0	0	-0.155614
local y:	0.235809	0.971799	0

t	5.04562
pos	1.28555	1.0298	0
vel	0.222817	0.29444	0
rotvel	0	0	-0.0564251
q	0.99286 0	0	0.119289
tac	0.418879	0.410501	0.268083	0.259705
gyr	0	0	-0.181594
local y:	0.236875	0.97154	0

t	5.0677
pos	1.29027	1.03631	0
vel	0.222739	0.294449	0
rotvel	0	0	-0.0564968
q	0.99277 0	0	0.12003
tac	0.418879	0.410501	0.268083	0.259705
gyr	0	0	-0.102322
local y:	0.238325	0.971185	0

t	5.08922
pos	1.29477	1.04267	0
vel	0.22262	0.294462	0
rotvel	0	0	-0.0565564
q	0.992714 0	0	0.120492
tac	0.418879	0.410501	0.268083	0.259705
gyr	0	0	-0.199181
local y:	0.239228	0.970963	0

t	5.11108
pos	1.29998	1.04909	0
vel	0.222754	0.294447	0
rotvel	0	0	-0.0566228
q	0.992639 0	0	0.121111
tac	0.418879	0.418879	0.268083	0.259705
gyr	0	0	-0.137228
local y:	0.24044	0.970664	0

t	5.13283
pos	1.30549	1.0554	0
vel	0.223032	0.294414	0
rotvel	0	0	-0.0566826
q	0.992579 0	0	0.121603
tac	0.418879	0.418879	0.268083	0.259705
gyr	0	0	-0.223695
local y:	0.241402	0.970425	0

t	5.15415
pos	1.31083	1.06161	0
vel	0.223266	0.294387	0
rotvel	0	0	-0.0567506
q	0.992504 0	0	0.122214
tac	0.427257	0.418879	0.259705	0.259705
gyr	0	0	-0.112314
local y:	0.242596	0.970127	0

t	5.17592
pos	1.31616	1.06798	0
vel	0.223451	0.294365	0
rotvel	0	0	-0.0568178
q	0.992429 0	0	0.122824
tac	0.427257	0.418879	0.259705	0.259705
gyr	0	0	-0.167472
local y:	0.243787	0.969829	0

t	5.19753
pos	1.32134	1.07431	0
vel	0.223591	0.294349	0
rotvel	0	0	-0.0568853
q	0.992347 0	0	0.123483
tac	0.418879	0.418879	0.268083	0.259705
gyr	0	0	-0.116977
local y:	0.245075	0.969504	0

t	5.21896
pos	1.32637	1.0806	0
vel	0.223684	0.294337	0
rotvel	0	0	-0.0569525
q	0.992264 0	0	0.124147
tac	0.418879	0.418879	0.268083	0.259705
gyr	0	0	-0.0444992
local y:	0.246373	0.969175	0

t	5.24035
pos	1.33124	1.08686	0
vel	0.223726	0.294332	0
rotvel	0	0	-0.0570296
q	0.992162 0	0	0.124957
tac	0.418879	0.418879	0.268083	0.259705
gyr	0	0	-0.0667489
local y:	0.247956	0.968771	0

t	5.26212
pos	1.3361	1.09328	0
vel	0.22372	0.294333	0
rotvel	0	0	-0.05709
q	0.992087 0	0	0.12555
tac	0.418879	0.418879	0.268083	0.259705
gyr	0	0	-0.172135
local y:	0.249113	0.968475	0

t	5.2837
pos	1.34082	1.09966	0
vel	0.223673	0.294339	0
rotvel	0	0	-0.0571678
q	0.991982 0	0	0.126378
tac	0.418879	0.418879	0.268083	0.259705
gyr	0	0	0.00266462
local y:	0.25073	0.968057	0

t	5.30499
pos	1.34545	1.10593	0
vel	0.223622	0.294345	0
rotvel	0	0	-0.057229
q	0.991905 0	0	0.126985
tac	0.418879	0.418879	0.268083	0.268083
gyr	0	0	-0.18679
local y:	0.251915	0.967749	0

t	5.32653
pos	1.35111	1.11217	0
vel	0.223954	0.294303	0
rotvel	0	0	-0.0572905
q	0.991822 0	0	0.127625
tac	0.418879	0.418879	0.268083	0.268083
gyr	0	0	-0.0668821
local y:	0.253163	0.967424	0

t	5.34825
pos	1.3567	1.11849	0
vel	0.224234	0.294267	0
rotvel	0	0	-0.0573548
q	0.991734 0	0	0.128313
tac	0.418879	0.418879	0.268083	0.268083
gyr	0	0	-0.124438
local y:	0.254504	0.967072	0

t	5.36965
pos	1.36209	1.12472	0
vel	0.224462	0.294237	0
rotvel	0	0	-0.0574145
q	0.991652 0	0	0.128941
tac	0.418879	0.418879	0.268083	0.268083
gyr	0	0	-0.134697
local y:	0.255729	0.966748	0

t	5.39161
pos	1.36748	1.13111	0
vel	0.224646	0.294213	0
rotvel	0	0	-0.0574647
q	0.991582 0	0	0.12948
tac	0.418879	0.418879	0.268083	0.268083
gyr	0	0	-0.171335
local y:	0.256781	0.96647	0

t	5.41317
pos	1.37271	1.13743	0
vel	0.224787	0.294194	0
rotvel	0	0	-0.0575262
q	0.991495 0	0	0.130147
tac	0.418879	0.418879	0.268083	0.268083
gyr	0	0	-0.0967259
local y:	0.258079	0.966124	0

t	5.43513
pos	1.3779	1.14387	0
vel	0.224883	0.294181	0
rotvel	0	0	-0.057574
q	0.991425 0	0	0.130681
tac	0.418879	0.418879	0.268083	0.268083
gyr	0	0	-0.274989
local y:	0.25912	0.965845	0

t	5.45659
pos	1.38288	1.15015	0
vel	0.224944	0.294173	0
rotvel	0	0	-0.057633
q	0.991339 0	0	0.131325
tac	0.418879	0.418879	0.268083	0.268083
gyr	0	0	-0.0154548
local y:	0.260376	0.965507	0

t	5.47837
pos	1.38695	1.15665	0
vel	0.224632	0.294216	0
rotvel	0	0	-0.0577065
q	0.991231 0	0	0.132143
tac	0.410501	0.418879	0.268083	0.268083
gyr	0	0	-0.124704
local y:	0.261968	0.965077	0

t	5.49999
pos	1.39054	1.16316	0
vel	0.224149	0.294282	0
rotvel	0	0	-0.0577628
q	0.991145 0	0	0.132786
tac	0.410501	0.418879	0.268083	0.268083
gyr	0	0	-0.102588
local y:	0.26322	0.964736	0

t	5.52139
pos	1.394	1.16963	0
vel	0.223643	0.294353	0
rotvel	0	0	-0.0578112
q	0.991069 0	0	0.13335
tac	0.410501	0.418879	0.268083	0.268083
gyr	0	0	-0.196516
local y:	0.264318	0.964436	0

t	5.54285
pos	1.39741	1.17612	0
vel	0.22312	0.294426	0
rotvel	0	0	-0.0578642
q	0.990986 0	0	0.133966
tac	0.410501	0.418879	0.268083	0.268083
gyr	0	0	-0.120041
local y:	0.265517	0.964106	0

t	5.56455
pos	1.39958	1.18283	0
vel	0.222119	0.294568	0
rotvel	0	0	-0.0579155
q	0.990901 0	0	0.134589
tac	0.402124	0.418879	0.268083	0.268083
gyr	0	0	-0.200235
local y:	0.266729	0.963771	0

t	5.58595
pos	1.40166	1.18947	0
vel	0.221116	0.294711	0
rotvel	0	0	-0.0579667
q	0.990817 0	0	0.135208
tac	0.402124	0.418879	0.268083	0.268083
gyr	0	0	-0.100456
local y:	0.267934	0.963437	0

t	5.60785
pos	1.40501	1.19612	0
vel	0.220559	0.294791	0
rotvel	0	0	-0.058009
q	0.990743 0	0	0.135753
tac	0.410501	0.418879	0.268083	0.268083
gyr	0	0	-0.164008
local y:	0.268993	0.963142	0

t	5.62939
pos	1.40821	1.20265	0
vel	0.219986	0.294874	0
rotvel	0	0	-0.0580595
q	0.990659 0	0	0.136366
tac	0.410501	0.418879	0.268083	0.268083
gyr	0	0	-0.158545
local y:	0.270184	0.962809	0

t	5.65109
pos	1.4114	1.20926	0
vel	0.219399	0.29496	0
rotvel	0	0	-0.0581052
q	0.990578 0	0	0.13695
tac	0.410501	0.418879	0.268083	0.268083
gyr	0	0	-0.150018
local y:	0.271319	0.962489	0

t	5.67233
pos	1.41371	1.21584	0
vel	0.218527	0.295088	0
rotvel	0	0	-0.058156
q	0.990493 0	0	0.137563
tac	0.410501	0.418879	0.259705	0.259705
gyr	0	0	-0.0972588
local y:	0.272511	0.962153	0

t	5.69435
pos	1.41445	1.22286	0
vel	0.217029	0.29531	0
rotvel	0	0	-0.0582
q	0.990414 0	0	0.13813
tac	0.410501	0.418879	0.259705	0.259705
gyr	0	0	-0.200913
local y:	0.273612	0.96184	0

t	5.71607
pos	1.41513	1.22979	0
vel	0.215549	0.29553	0
rotvel	0	0	-0.0582537
q	0.990324 0	0	0.138775
tac	0.410501	0.418879	0.259705	0.259705
gyr	0	0	-0.106851
local y:	0.274865	0.961483	0

t	5.73752
pos	1.41573	1.23666	0
vel	0.214079	0.295751	0
rotvel	0	0	-0.0582978
q	0.990245 0	0	0.139338
tac	0.410501	0.418879	0.259705	0.259705
gyr	0	0	-0.163608
local y:	0.275958	0.96117	0

t	5.7592
pos	1.41637	1.24361	0
vel	0.212619	0.295972	0
rotvel	0	0	-0.0583637
q	0.990139 0	0	0.140091
tac	0.402124	0.427257	0.259705	0.259705
gyr	0	0	-0.0859341
local y:	0.277419	0.960749	0

t	5.78104
pos	1.41698	1.25059	0
vel	0.21116	0.296196	0
rotvel	0	0	-0.0584088
q	0.990055 0	0	0.140679
tac	0.402124	0.427257	0.259705	0.259705
gyr	0	0	-0.284182
local y:	0.27856	0.960419	0

t	5.80247
pos	1.41658	1.2576	0
vel	0.209377	0.29647	0
rotvel	0	0	-0.0584547
q	0.989972 0	0	0.141262
tac	0.402124	0.427257	0.259705	0.251327
gyr	0	0	-0.087
local y:	0.279692	0.96009	0

t	5.82436
pos	1.41604	1.2648	0
vel	0.207525	0.296757	0
rotvel	0	0	-0.058496
q	0.989891 0	0	0.141828
tac	0.402124	0.427257	0.259705	0.251327
gyr	0	0	-0.270193
local y:	0.280789	0.959769	0

t	5.846
pos	1.41549	1.27192	0
vel	0.205711	0.297039	0
rotvel	0	0	-0.0585518
q	0.989797 0	0	0.142487
tac	0.410501	0.427257	0.251327	0.251327
gyr	0	0	-0.0500949
local y:	0.282067	0.959395	0

t	5.8678
pos	1.41494	1.27908	0
vel	0.20391	0.297323	0
rotvel	0	0	-0.0586034
q	0.989705 0	0	0.143119
tac	0.410501	0.427257	0.251327	0.251327
gyr	0	0	-0.241681
local y:	0.283291	0.959034	0

t	5.88921
pos	1.41556	1.28596	0
vel	0.202572	0.297534	0
rotvel	0	0	-0.0586537
q	0.989617 0	0	0.143727
tac	0.418879	0.427257	0.251327	0.251327
gyr	0	0	-0.0436998
local y:	0.284469	0.958685	0

t	5.91091
pos	1.4162	1.29294	0
vel	0.201235	0.297748	0
rotvel	0	0	-0.0587281
q	0.989501 0	0	0.144524
tac	0.410501	0.435634	0.251327	0.251327
gyr	0	0	-0.0984579
local y:	0.286014	0.958225	0

t	5.93274
pos	1.41684	1.29995	0
vel	0.199906	0.297962	0
rotvel	0	0	-0.0587832
q	0.989405 0	0	0.145184
tac	0.410501	0.435634	0.251327	0.251327
gyr	0	0	-0.0358392
local y:	0.287291	0.957843	0

t	5.9541
pos	1.41709	1.30689	0
vel	0.198487	0.298192	0
rotvel	0	0	-0.0588514
q	0.989296 0	0	0.145924
tac	0.418879	0.435634	0.24295	0.24295
gyr	0	0	-0.25647
local y:	0.288725	0.957412	0

t	5.9758
pos	1.41646	1.31408	0
vel	0.196746	0.298477	0
rotvel	0	0	-0.0588911
q	0.989218 0	0	0.146449
tac	0.418879	0.435634	0.24295	0.24295
gyr	0	0	-0.17893
local y:	0.28974	0.957105	0

t	5.99733
pos	1.41582	1.3212	0
vel	0.195035	0.298759	0
rotvel	0	0	-0.058951
q	0.989118 0	0	0.147126
tac	0.418879	0.427257	0.251327	0.24295
gyr	0	0	-0.154681
local y:	0.29105	0.956708	0

t	6.01884
pos	1.4152	1.32834	0
vel	0.193349	0.299038	0
rotvel	0	0	-0.0589962
q	0.98903 0	0	0.147713
tac	0.418879	0.427257	0.251327	0.24295
gyr	0	0	-0.0503614
local y:	0.292185	0.956362	0

t	6.04087
pos	1.41515	1.33554	0
vel	0.191852	0.299288	0
rotvel	0	0	-0.0590566
q	0.988924 0	0	0.148426
tac	0.418879	0.427257	0.251327	0.251327
gyr	0	0	-0.213836
local y:	0.293563	0.95594	0

t	6.06252
pos	1.41579	1.34253	0
vel	0.190634	0.299493	0
rotvel	0	0	-0.059097
q	0.988838 0	0	0.148995
tac	0.418879	0.427257	0.251327	0.251327
gyr	0	0	-0.12124
local y:	0.294664	0.955601	0

t	6.08405
pos	1.41517	1.34966	0
vel	0.189	0.29977	0
rotvel	0	0	-0.0591501
q	0.98874 0	0	0.149647
tac	0.418879	0.427257	0.24295	0.24295
gyr	0	0	-0.261133
local y:	0.295923	0.955212	0

t	6.10554
pos	1.41341	1.35698	0
vel	0.186986	0.300112	0
rotvel	0	0	-0.0591705
q	0.988675 0	0	0.150073
tac	0.418879	0.427257	0.24295	0.24295
gyr	0	0	-0.160011
local y:	0.296747	0.954956	0

t	6.12738
pos	1.40982	1.36469	0
vel	0.184344	0.300564	0
rotvel	0	0	-0.0592344
q	0.988563 0	0	0.150812
tac	0.410501	0.427257	0.234572	0.24295
gyr	0	0	-0.165073
local y:	0.298173	0.954512	0

t	6.14908
pos	1.40581	1.3724	0
vel	0.181597	0.301037	0
rotvel	0	0	-0.0592584
q	0.988491 0	0	0.15128
tac	0.410501	0.427257	0.234572	0.24295
gyr	0	0	-0.236086
local y:	0.299079	0.954228	0

t	6.17064
pos	1.40407	1.37975	0
vel	0.179664	0.301371	0
rotvel	0	0	-0.0593096
q	0.988391 0	0	0.151932
tac	0.418879	0.427257	0.234572	0.251327
gyr	0	0	-0.200513
local y:	0.300337	0.953833	0

t	6.1923
pos	1.40253	1.38712	0
vel	0.177809	0.301694	0
rotvel	0	0	-0.0593556
q	0.988294 0	0	0.15256
tac	0.418879	0.418879	0.234572	0.251327
gyr	0	0	-0.10845
local y:	0.301548	0.953451	0

t	6.21398
pos	1.39992	1.39464	0
vel	0.175615	0.302079	0
rotvel	0	0	-0.0594015
q	0.988196 0	0	0.153192
tac	0.418879	0.418879	0.234572	0.251327
gyr	0	0	-0.189188
local y:	0.302768	0.953064	0

t	6.23523
pos	1.3972	1.40205	0
vel	0.173428	0.302464	0
rotvel	0	0	-0.0594651
q	0.988082 0	0	0.153931
tac	0.410501	0.418879	0.24295	0.24295
gyr	0	0	3.49974e-24
local y:	0.304193	0.95261	0

t	6.25694
pos	1.39348	1.40977	0
vel	0.170905	0.302913	0
rotvel	0	0	-0.0595076
q	0.987985 0	0	0.154552
tac	0.410501	0.418879	0.24295	0.24295
gyr	0	0	-0.260067
local y:	0.305391	0.952227	0

t	6.27882
pos	1.38921	1.41766	0
vel	0.168205	0.303396	0
rotvel	0	0	-0.0595299
q	0.987906 0	0	0.155054
tac	0.410501	0.418879	0.234572	0.234572
gyr	0	0	-0.166939
local y:	0.306358	0.951916	0

t	6.30008
pos	1.38325	1.42561	0
vel	0.165006	0.30397	0
rotvel	0	0	-0.0595809
q	0.987802 0	0	0.155715
tac	0.410501	0.418879	0.234572	0.234572
gyr	0	0	-0.148819
local y:	0.307631	0.951506	0

t	6.32183
pos	1.37799	1.43359	0
vel	0.162054	0.304504	0
rotvel	0	0	-0.0595999
q	0.987727 0	0	0.15619
tac	0.418879	0.418879	0.234572	0.234572
gyr	0	0	-0.250874
local y:	0.308546	0.95121	0

t	6.34365
pos	1.37364	1.4415	0
vel	0.159419	0.304982	0
rotvel	0	0	-0.0596514
q	0.987619 0	0	0.156874
tac	0.418879	0.418879	0.234572	0.234572
gyr	0	0	-0.188655
local y:	0.309864	0.950781	0

t	6.36531
pos	1.3685	1.44948	0
vel	0.156563	0.305505	0
rotvel	0	0	-0.0597007
q	0.987512 0	0	0.157544
tac	0.410501	0.418879	0.234572	0.234572
gyr	0	0	-0.166939
local y:	0.311153	0.95036	0

t	6.38675
pos	1.36307	1.45742	0
vel	0.153654	0.30604	0
rotvel	0	0	-0.0597536
q	0.987402 0	0	0.158231
tac	0.410501	0.418879	0.234572	0.234572
gyr	0	0	-0.126836
local y:	0.312476	0.949926	0

t	6.4085
pos	1.35683	1.46564	0
vel	0.15049	0.306626	0
rotvel	0	0	-0.0597974
q	0.987298 0	0	0.15888
tac	0.402124	0.418879	0.234572	0.234572
gyr	0	0	-0.186923
local y:	0.313724	0.949514	0

t	6.43027
pos	1.3505	1.47389	0
vel	0.14733	0.307215	0
rotvel	0	0	-0.0598351
q	0.987198 0	0	0.159497
tac	0.402124	0.418879	0.234572	0.234572
gyr	0	0	-0.193718
local y:	0.314911	0.949121	0

t	6.45161
pos	1.34427	1.48198	0
vel	0.144255	0.307792	0
rotvel	0	0	-0.0598813
q	0.987094 0	0	0.160144
tac	0.410501	0.418879	0.234572	0.226195
gyr	0	0	-0.0936616
local y:	0.316155	0.948708	0

t	6.47333
pos	1.33819	1.49016	0
vel	0.141249	0.308359	0
rotvel	0	0	-0.0599382
q	0.986976 0	0	0.160865
tac	0.410501	0.418879	0.234572	0.226195
gyr	0	0	-0.187456
local y:	0.31754	0.948245	0

t	6.49524
pos	1.33351	1.49822	0
vel	0.138716	0.308841	0
rotvel	0	0	-0.059976
q	0.986875 0	0	0.161487
tac	0.410501	0.418879	0.24295	0.226195
gyr	0	0	-0.175599
local y:	0.318736	0.947844	0

t	6.51675
pos	1.32901	1.50611	0
vel	0.136286	0.309305	0
rotvel	0	0	-0.0600371
q	0.986752 0	0	0.162238
tac	0.418879	0.418879	0.24295	0.226195
gyr	0	0	-0.116977
local y:	0.320177	0.947358	0

t	6.5385
pos	1.32573	1.51386	0
vel	0.134269	0.309693	0
rotvel	0	0	-0.0600669
q	0.986659 0	0	0.162802
tac	0.418879	0.418879	0.24295	0.226195
gyr	0	0	-0.177997
local y:	0.32126	0.946991	0

t	6.56011
pos	1.32254	1.5216	0
vel	0.132305	0.310073	0
rotvel	0	0	-0.0601291
q	0.986533 0	0	0.163562
tac	0.418879	0.418879	0.24295	0.226195
gyr	0	0	-0.133364
local y:	0.322718	0.946495	0

t	6.58188
pos	1.31946	1.52937	0
vel	0.130386	0.310446	0
rotvel	0	0	-0.0601683
q	0.986429 0	0	0.164189
tac	0.418879	0.418879	0.24295	0.226195
gyr	0	0	-0.172002
local y:	0.323921	0.946084	0

t	6.60325
pos	1.3164	1.53699	0
vel	0.128518	0.310812	0
rotvel	0	0	-0.0602285
q	0.986305 0	0	0.164933
tac	0.410501	0.418879	0.24295	0.234572
gyr	0	0	-0.0924625
local y:	0.325348	0.945594	0

t	6.62533
pos	1.3135	1.54483	0
vel	0.126689	0.311173	0
rotvel	0	0	-0.0602872
q	0.986177 0	0	0.165696
tac	0.410501	0.418879	0.24295	0.234572
gyr	0	0	-0.157613
local y:	0.326811	0.94509	0

t	6.64724
pos	1.31117	1.55255	0
vel	0.125064	0.311496	0
rotvel	0	0	-0.060334
q	0.986061 0	0	0.166387
tac	0.410501	0.418879	0.24295	0.24295
gyr	0	0	-0.165207
local y:	0.328135	0.944631	0

t	6.66856
pos	1.30957	1.55991	0
vel	0.123714	0.311766	0
rotvel	0	0	-0.0603691
q	0.985958 0	0	0.166991
tac	0.410501	0.418879	0.24295	0.24295
gyr	0	0	-0.169737
local y:	0.329292	0.944228	0

t	6.69019
pos	1.30932	1.56715	0
vel	0.122792	0.311951	0
rotvel	0	0	-0.0604066
q	0.985851 0	0	0.167627
tac	0.410501	0.418879	0.251327	0.251327
gyr	0	0	-0.134965
local y:	0.33051	0.943802	0

t	6.71209
pos	1.31037	1.57429	0
vel	0.122276	0.312055	0
rotvel	0	0	-0.0604532
q	0.98573 0	0	0.168335
tac	0.410501	0.418879	0.251327	0.251327
gyr	0	0	-0.181594
local y:	0.331865	0.943327	0

t	6.7334
pos	1.30966	1.58155	0
vel	0.121232	0.312267	0
rotvel	0	0	-0.0604863
q	0.985624 0	0	0.168954
tac	0.402124	0.410501	0.251327	0.251327
gyr	0	0	-0.165473
local y:	0.33305	0.942909	0

t	6.75522
pos	1.30833	1.58904	0
vel	0.119991	0.31252	0
rotvel	0	0	-0.060508
q	0.985527 0	0	0.169521
tac	0.402124	0.410501	0.251327	0.251327
gyr	0	0	-0.181994
local y:	0.334134	0.942526	0

t	6.77688
pos	1.3095	1.59605	0
vel	0.119546	0.312611	0
rotvel	0	0	-0.0605447
q	0.985415 0	0	0.170166
tac	0.410501	0.418879	0.251327	0.251327
gyr	0	0	-0.148153
local y:	0.335369	0.942087	0

t	6.79851
pos	1.31118	1.60298	0
vel	0.119266	0.312669	0
rotvel	0	0	-0.06059
q	0.985294 0	0	0.170868
tac	0.410501	0.418879	0.259705	0.259705
gyr	0	0	-0.124704
local y:	0.33671	0.941608	0

t	6.81989
pos	1.3148	1.60948	0
vel	0.119595	0.3126	0
rotvel	0	0	-0.0606335
q	0.985174 0	0	0.171559
tac	0.410501	0.418879	0.259705	0.259705
gyr	0	0	-0.115911
local y:	0.338032	0.941135	0

t	6.84178
pos	1.31844	1.61612	0
vel	0.119913	0.312534	0
rotvel	0	0	-0.0606865
q	0.985041 0	0	0.172321
tac	0.410501	0.418879	0.259705	0.259705
gyr	0	0	-0.122972
local y:	0.339486	0.940611	0

t	6.86341
pos	1.32204	1.62271	0
vel	0.12022	0.31247	0
rotvel	0	0	-0.0607202
q	0.984929 0	0	0.172962
tac	0.410501	0.418879	0.259705	0.259705
gyr	0	0	-0.127369
local y:	0.34071	0.940168	0

t	6.88479
pos	1.32558	1.62922	0
vel	0.120517	0.312407	0
rotvel	0	0	-0.0607772
q	0.984792 0	0	0.173736
tac	0.410501	0.418879	0.259705	0.259705
gyr	0	0	-0.111115
local y:	0.342187	0.939632	0

t	6.90643
pos	1.32912	1.6358	0
vel	0.120804	0.312346	0
rotvel	0	0	-0.060817
q	0.984673 0	0	0.174411
tac	0.410501	0.418879	0.259705	0.259705
gyr	0	0	-0.181194
local y:	0.343476	0.939161	0

t	6.92827
pos	1.33266	1.64245	0
vel	0.12108	0.312287	0
rotvel	0	0	-0.0608518
q	0.984557 0	0	0.175064
tac	0.410501	0.418879	0.268083	0.251327
gyr	0	0	-0.136296
local y:	0.344721	0.938705	0

t	6.94966
pos	1.33614	1.64898	0
vel	0.121347	0.31223	0
rotvel	0	0	-0.0608837
q	0.984445 0	0	0.175691
tac	0.410501	0.418879	0.268083	0.251327
gyr	0	0	-0.180262
local y:	0.345916	0.938266	0

t	6.97144
pos	1.33963	1.65562	0
vel	0.121604	0.312175	0
rotvel	0	0	-0.0609116
q	0.984336 0	0	0.176304
tac	0.410501	0.418879	0.268083	0.251327
gyr	0	0	-0.146954
local y:	0.347084	0.937834	0

t	6.99316
pos	1.34309	1.66223	0
vel	0.121852	0.312121	0
rotvel	0	0	-0.0609499
q	0.984214 0	0	0.17698
tac	0.410501	0.418879	0.268083	0.251327
gyr	0	0	-0.183193
local y:	0.348372	0.937356	0

t	7.01482
pos	1.34653	1.66885	0
vel	0.122091	0.312069	0
rotvel	0	0	-0.0609899
q	0.98409 0	0	0.177668
tac	0.410501	0.418879	0.268083	0.251327
gyr	0	0	-0.112047
local y:	0.349683	0.936868	0

t	7.03618
pos	1.34978	1.6754	0
vel	0.122285	0.312027	0
rotvel	0	0	-0.0610144
q	0.983985 0	0	0.178254
tac	0.410501	0.418879	0.259705	0.251327
gyr	0	0	-0.194118
local y:	0.350798	0.936451	0

t	7.05794
pos	1.35198	1.68228	0
vel	0.122145	0.312057	0
rotvel	0	0	-0.061048
q	0.983866 0	0	0.178905
tac	0.410501	0.418879	0.259705	0.251327
gyr	0	0	-0.131632
local y:	0.352036	0.935986	0

t	7.07976
pos	1.35466	1.68907	0
vel	0.122154	0.312055	0
rotvel	0	0	-0.0610791
q	0.983751 0	0	0.17954
tac	0.418879	0.427257	0.259705	0.251327
gyr	0	0	-0.197049
local y:	0.353244	0.935531	0

t	7.10117
pos	1.35924	1.69538	0
vel	0.122736	0.311926	0
rotvel	0	0	-0.0611096
q	0.983638 0	0	0.180158
tac	0.418879	0.427257	0.259705	0.251327
gyr	0	0	-0.130433
local y:	0.35442	0.935086	0

t	7.12297
pos	1.36382	1.70181	0
vel	0.123301	0.311801	0
rotvel	0	0	-0.0611555
q	0.983506 0	0	0.180877
tac	0.418879	0.427257	0.259705	0.251327
gyr	0	0	-0.162276
local y:	0.355788	0.934567	0

t	7.14489
pos	1.36837	1.70828	0
vel	0.123848	0.311678	0
rotvel	0	0	-0.0611963
q	0.983378 0	0	0.181572
tac	0.418879	0.427257	0.259705	0.251327
gyr	0	0	-0.125104
local y:	0.357108	0.934063	0

t	7.16631
pos	1.37332	1.71453	0
vel	0.124522	0.311527	0
rotvel	0	0	-0.0612312
q	0.983258 0	0	0.182221
tac	0.418879	0.427257	0.259705	0.259705
gyr	0	0	-0.17027
local y:	0.35834	0.933591	0

t	7.18811
pos	1.37898	1.72074	0
vel	0.125388	0.311331	0
rotvel	0	0	-0.0612839
q	0.983115 0	0	0.18299
tac	0.418879	0.427257	0.259705	0.259705
gyr	0	0	-0.0520934
local y:	0.3598	0.93303	0

t	7.20976
pos	1.38287	1.72725	0
vel	0.125732	0.311253	0
rotvel	0	0	-0.0613338
q	0.982976 0	0	0.183736
tac	0.418879	0.418879	0.259705	0.251327
gyr	0	0	-0.172401
local y:	0.361215	0.932483	0

t	7.23139
pos	1.38601	1.73391	0
vel	0.125853	0.311225	0
rotvel	0	0	-0.0613539
q	0.982869 0	0	0.184304
tac	0.418879	0.418879	0.259705	0.251327
gyr	0	0	-0.0756753
local y:	0.362294	0.932064	0

t	7.2529
pos	1.39202	1.73993	0
vel	0.126817	0.311004	0
rotvel	0	0	-0.0613999
q	0.982733 0	0	0.185027
tac	0.418879	0.427257	0.268083	0.259705
gyr	0	0	-0.155081
local y:	0.363665	0.93153	0

t	7.27477
pos	1.39874	1.74595	0
vel	0.12796	0.31074	0
rotvel	0	0	-0.0614451
q	0.982595 0	0	0.185761
tac	0.418879	0.427257	0.268083	0.259705
gyr	0	0	-0.122306
local y:	0.365055	0.930986	0

t	7.29647
pos	1.40451	1.75208	0
vel	0.128825	0.31054	0
rotvel	0	0	-0.0614937
q	0.982454 0	0	0.186503
tac	0.418879	0.427257	0.259705	0.259705
gyr	0	0	-0.14309
local y:	0.366462	0.930433	0

t	7.31793
pos	1.40983	1.75823	0
vel	0.129559	0.310368	0
rotvel	0	0	-0.0615277
q	0.982331 0	0	0.187152
tac	0.418879	0.427257	0.259705	0.259705
gyr	0	0	-0.109116
local y:	0.36769	0.929948	0

t	7.33962
pos	1.41513	1.76448	0
vel	0.130273	0.310201	0
rotvel	0	0	-0.0615886
q	0.982173 0	0	0.187982
tac	0.418879	0.418879	0.259705	0.268083
gyr	0	0	-0.14349
local y:	0.369261	0.929326	0

t	7.36142
pos	1.42039	1.77075	0
vel	0.130964	0.310038	0
rotvel	0	0	-0.0616202
q	0.982048 0	0	0.188633
tac	0.418879	0.418879	0.259705	0.268083
gyr	0	0	-0.0915299
local y:	0.370494	0.928835	0

t	7.38283
pos	1.42554	1.77689	0
vel	0.131634	0.30988	0
rotvel	0	0	-0.0616624
q	0.981912 0	0	0.189338
tac	0.418879	0.418879	0.259705	0.268083
gyr	0	0	-0.125371
local y:	0.371826	0.928302	0

t	7.40456
pos	1.43068	1.78317	0
vel	0.132283	0.309726	0
rotvel	0	0	-0.0616957
q	0.981784 0	0	0.19
tac	0.418879	0.418879	0.268083	0.259705
gyr	0	0	-0.14802
local y:	0.373077	0.9278	0

t	7.42622
pos	1.43576	1.78941	0
vel	0.132911	0.309575	0
rotvel	0	0	-0.0617445
q	0.981638 0	0	0.190755
tac	0.418879	0.418879	0.268083	0.259705
gyr	0	0	-0.0992573
local y:	0.374504	0.927225	0

t	7.4479
pos	1.4408	1.79567	0
vel	0.133519	0.30943	0
rotvel	0	0	-0.0617715
q	0.981517 0	0	0.191376
tac	0.418879	0.418879	0.268083	0.259705
gyr	0	0	-0.121107
local y:	0.375677	0.926751	0

t	7.46926
pos	1.45356	1.80018	0
vel	0.135933	0.308711	0
rotvel	0	0	-0.0150698
q	-0.961838 0	0	-0.27362
tac	0.418879	0.418879	0.268083	0.259705
gyr	0	0	-0.174133
local y:	0.526356	0.850264	0

t	7.49102
pos	1.47	1.80401	0
vel	0.139157	0.307728	0
rotvel	0	0	-0.016465
q	-0.963174 0	0	-0.268878
tac	0.418879	0.418879	0.268083	0.259705
gyr	0	0	-0.139626
local y:	0.517953	0.855409	0

t	7.51284
pos	1.48278	1.80862	0
vel	0.141494	0.307019	0
rotvel	0	0	-0.0173181
q	-0.963959 0	0	-0.26605
tac	0.418879	0.418879	0.268083	0.259705
gyr	0	0	-0.110848
local y:	0.512923	0.858435	0

t	7.53413
pos	1.49507	1.81314	0
vel	0.143723	0.306344	0
rotvel	0	0	-0.0184093
q	-0.964974 0	0	-0.262346
tac	0.418879	0.418879	0.268083	0.268083
gyr	0	0	-0.177997
local y:	0.506314	0.862349	0

t	7.55599
pos	1.50651	1.81805	0
vel	0.145724	0.305742	0
rotvel	0	0	-0.0193727
q	-0.96585 0	0	-0.259102
tac	0.418879	0.418879	0.268083	0.268083
gyr	0	0	-0.140959
local y:	0.500507	0.865732	0

t	7.57795
pos	1.51195	1.82429	0
vel	0.146264	0.30558	0
rotvel	0	0	-0.0205734
q	-0.966944 0	0	-0.254989
tac	0.418879	0.410501	0.268083	0.259705
gyr	0	0	-0.159211
local y:	0.49312	0.869962	0

t	7.59925
pos	1.51626	1.83055	0
vel	0.146553	0.305495	0
rotvel	0	0	-0.0218145
q	-0.96806 0	0	-0.250719
tac	0.418879	0.410501	0.268083	0.259705
gyr	0	0	-0.146821
local y:	0.485422	0.87428	0

t	7.62107
pos	1.51831	1.83744	0
vel	0.146272	0.305577	0
rotvel	0	0	-0.0235034
q	-0.969569 0	0	-0.244817
tac	0.418879	0.410501	0.259705	0.259705
gyr	0	0	-0.248343
local y:	0.474734	0.880129	0

t	7.6433
pos	1.52044	1.84449	0
vel	0.145991	0.305658	0
rotvel	0	0	-0.0246066
q	-0.970503 0	0	-0.241088
tac	0.418879	0.410501	0.259705	0.259705
gyr	0	0	-0.109516
local y:	0.467954	0.883753	0

t	7.66498
pos	1.52253	1.85133	0
vel	0.145725	0.305733	0
rotvel	0	0	-0.025683
q	-0.971394 0	0	-0.237473
tac	0.418879	0.410501	0.259705	0.259705
gyr	0	0	-0.200913
local y:	0.461361	0.887213	0

t	7.68664
pos	1.52445	1.85824	0
vel	0.145405	0.305822	0
rotvel	0	0	-0.0272343
q	-0.972676 0	0	-0.232166
tac	0.418879	0.410501	0.259705	0.251327
gyr	0	0	-0.16987
local y:	0.451644	0.892198	0

t	7.7086
pos	1.52556	1.86543	0
vel	0.144857	0.305969	0
rotvel	0	0	-0.0285821
q	-0.973742 0	0	-0.227655
tac	0.418879	0.410501	0.259705	0.251327
gyr	0	0	-0.165606
local y:	0.443355	0.896346	0

t	7.73047
pos	1.5269	1.8725	0
vel	0.144371	0.306096	0
rotvel	0	0	-0.0298348
q	-0.974695 0	0	-0.22354
tac	0.418879	0.410501	0.259705	0.251327
gyr	0	0	-0.155614
local y:	0.435766	0.90006	0

t	7.7531
pos	1.5286	1.87978	0
vel	0.143936	0.306206	0
rotvel	0	0	-0.0306618
q	-0.975275 0	0	-0.220993
tac	0.418879	0.410501	0.259705	0.251327
gyr	0	0	-0.0707458
local y:	0.431058	0.902324	0

t	7.77479
pos	1.52951	1.88691	0
vel	0.143307	0.306358	0
rotvel	0	0	-0.0318759
q	-0.976145 0	0	-0.217121
tac	0.418879	0.410501	0.251327	0.24295
gyr	0	0	-0.193985
local y:	0.423883	0.905717	0

t	7.79611
pos	1.53001	1.894	0
vel	0.14255	0.30653	0
rotvel	0	0	-0.0332176
q	-0.977079 0	0	-0.212878
tac	0.418879	0.410501	0.251327	0.24295
gyr	0	0	-0.165473
local y:	0.415997	0.909366	0

t	7.81731
pos	1.53092	1.90098	0
vel	0.141885	0.306672	0
rotvel	0	0	-0.0341372
q	-0.97767 0	0	-0.210144
tac	0.418879	0.410501	0.251327	0.24295
gyr	0	0	-0.163475
local y:	0.410904	0.911679	0

t	7.83859
pos	1.53219	1.90788	0
vel	0.141302	0.306786	0
rotvel	0	0	-0.035232
q	-0.978366 0	0	-0.206881
tac	0.418879	0.410501	0.251327	0.24295
gyr	0	0	-0.186657
local y:	0.404811	0.9144	0

t	7.86002
pos	1.53418	1.91469	0
vel	0.14092	0.306851	0
rotvel	0	0	-0.0363077
q	-0.979022 0	0	-0.203756
tac	0.418879	0.418879	0.251327	0.24295
gyr	0	0	-0.119242
local y:	0.398964	0.916967	0

t	7.88172
pos	1.53652	1.92151	0
vel	0.140619	0.306894	0
rotvel	0	0	-0.0374326
q	-0.979682 0	0	-0.200556
tac	0.418879	0.418879	0.251327	0.24295
gyr	0	0	-0.162409
local y:	0.392963	0.919554	0

t	7.90305
pos	1.53879	1.92819	0
vel	0.140256	0.306932	0
rotvel	0	0	-0.0384188
q	-0.980229 0	0	-0.197866
tac	0.418879	0.410501	0.251327	0.24295
gyr	0	0	-0.149219
local y:	0.387908	0.921698	0

t	7.92464
pos	1.54137	1.93492	0
vel	0.139949	0.306951	0
rotvel	0	0	-0.0394573
q	-0.980784 0	0	-0.195094
tac	0.418879	0.410501	0.251327	0.24295
gyr	0	0	-0.18719
local y:	0.382691	0.923876	0

t	7.94633
pos	1.54432	1.9416	0
vel	0.139787	0.306948	0
rotvel	0	0	-0.0407394
q	-0.981456 0	0	-0.191686
tac	0.418879	0.418879	0.251327	0.24295
gyr	0	0	-0.181194
local y:	0.376264	0.926513	0

t	7.96758
pos	1.54737	1.9481	0
vel	0.139642	0.306931	0
rotvel	0	0	-0.0410786
q	-0.981568 0	0	-0.191112
tac	0.418879	0.418879	0.24295	0.24295
gyr	0	0	0.0140832
local y:	0.375179	0.926952	0

t	7.98934
pos	1.55061	1.95471	0
vel	0.139479	0.306901	0
rotvel	0	0	-0.0421326
q	-0.982069 0	0	-0.188521
tac	0.418879	0.418879	0.24295	0.24295
gyr	0	0	-0.158412
local y:	0.37028	0.92892	0

t	8.01089
pos	1.55399	1.96123	0
vel	0.139378	0.306862	0
rotvel	0	0	-0.0430519
q	-0.982476 0	0	-0.186389
tac	0.418879	0.418879	0.24295	0.251327
gyr	0	0	-0.0714119
local y:	0.366246	0.930518	0

t	8.03214
pos	1.55732	1.96766	0
vel	0.139321	0.306826	0
rotvel	0	0	-0.0437091
q	-0.982732 0	0	-0.185034
tac	0.418879	0.418879	0.24295	0.251327
gyr	0	0	-0.189055
local y:	0.363678	0.931525	0

t	8.05375
pos	1.56095	1.97415	0
vel	0.139282	0.30677	0
rotvel	0	0	-0.0449202
q	-0.983248 0	0	-0.182275
tac	0.418879	0.418879	0.24295	0.24295
gyr	0	0	-0.180395
local y:	0.358442	0.933552	0

t	8.07548
pos	1.5649	1.98057	0
vel	0.139274	0.306688	0
rotvel	0	0	-0.0458682
q	-0.98361 0	0	-0.180307
tac	0.418879	0.418879	0.24295	0.24295
gyr	0	0	-0.155747
local y:	0.354705	0.934978	0

t	8.09711
pos	1.569	1.98696	0
vel	0.1393	0.306596	0
rotvel	0	0	-0.0472162
q	-0.984129 0	0	-0.177456
tac	0.418879	0.418879	0.24295	0.24295
gyr	0	0	-0.252873
local y:	0.349278	0.937019	0

t	8.11857
pos	1.57326	1.99321	0
vel	0.139371	0.30649	0
rotvel	0	0	-0.0484477
q	-0.984563 0	0	-0.175029
tac	0.418879	0.418879	0.24295	0.24295
gyr	0	0	-0.147887
local y:	0.344654	0.93873	0

t	8.1401
pos	1.57762	1.99947	0
vel	0.139462	0.306377	0
rotvel	0	0	-0.0492282
q	-0.984791 0	0	-0.173741
tac	0.418879	0.418879	0.24295	0.24295
gyr	0	0	-0.192652
local y:	0.342197	0.939628	0

t	8.16174
pos	1.58209	2.00576	0
vel	0.139575	0.306259	0
rotvel	0	0	-0.0502674
q	-0.985103 0	0	-0.171968
tac	0.418879	0.418879	0.24295	0.24295
gyr	0	0	-0.183992
local y:	0.338812	0.940854	0

t	8.18317
pos	1.58598	2.01211	0
vel	0.139654	0.306186	0
rotvel	0	0	-0.0512089
q	-0.985359 0	0	-0.170493
tac	0.418879	0.427257	0.24295	0.24295
gyr	0	0	-0.14802
local y:	0.335994	0.941864	0

t	8.20472
pos	1.58999	2.01846	0
vel	0.139746	0.306106	0
rotvel	0	0	-0.0521755
q	-0.985606 0	0	-0.169061
tac	0.418879	0.427257	0.234572	0.24295
gyr	0	0	-0.179063
local y:	0.333254	0.942837	0

t	8.22634
pos	1.59467	2.02466	0
vel	0.139911	0.305973	0
rotvel	0	0	-0.0531609
q	-0.98584 0	0	-0.167689
tac	0.418879	0.427257	0.234572	0.24295
gyr	0	0	-0.18759
local y:	0.330628	0.943761	0

t	8.24759
pos	1.59936	2.03076	0
vel	0.140089	0.305837	0
rotvel	0	0	-0.0540773
q	-0.986037 0	0	-0.166528
tac	0.418879	0.427257	0.234572	0.24295
gyr	0	0	-0.177198
local y:	0.328405	0.944537	0

t	8.26925
pos	1.60493	2.03677	0
vel	0.140359	0.305637	0
rotvel	0	0	-0.0549807
q	-0.986212 0	0	-0.165488
tac	0.418879	0.418879	0.234572	0.24295
gyr	0	0	-0.16947
local y:	0.326412	0.945228	0

t	8.29102
pos	1.6103	2.04285	0
vel	0.140614	0.305454	0
rotvel	0	0	-0.0560883
q	-0.986425 0	0	-0.16421
tac	0.427257	0.427257	0.234572	0.234572
gyr	0	0	-0.229024
local y:	0.323962	0.94607	0

t	8.31267
pos	1.6151	2.04901	0
vel	0.140813	0.305316	0
rotvel	0	0	-0.0569492
q	-0.986558 0	0	-0.16341
tac	0.427257	0.427257	0.234572	0.234572
gyr	0	0	-0.157213
local y:	0.322427	0.946594	0

t	8.33396
pos	1.62056	2.05492	0
vel	0.141095	0.305123	0
rotvel	0	0	-0.0574971
q	-0.986606 0	0	-0.163121
tac	0.418879	0.427257	0.226195	0.234572
gyr	0	0	-0.114179
local y:	0.321873	0.946783	0

t	8.35547
pos	1.62708	2.06062	0
vel	0.141495	0.30485	0
rotvel	0	0	-0.0582309
q	-0.986689 0	0	-0.162621
tac	0.418879	0.427257	0.226195	0.234572
gyr	0	0	-0.189055
local y:	0.320913	0.947109	0

t	8.37711
pos	1.63409	2.06625	0
vel	0.141953	0.304543	0
rotvel	0	0	-0.0588446
q	-0.986735 0	0	-0.162338
tac	0.418879	0.418879	0.226195	0.234572
gyr	0	0	-0.055291
local y:	0.320369	0.947293	0

t	8.39837
pos	1.6414	2.07164	0
vel	0.14245	0.304208	0
rotvel	0	0	-0.0591112
q	-0.986706 0	0	-0.162514
tac	0.418879	0.418879	0.226195	0.234572
gyr	0	0	-0.15668
local y:	0.320707	0.947179	0

t	8.42032
pos	1.64808	2.07746	0
vel	0.142859	0.303934	0
rotvel	0	0	-0.0599049
q	-0.986774 0	0	-0.162099
tac	0.418879	0.418879	0.234572	0.234572
gyr	0	0	-0.180262
local y:	0.319911	0.947448	0

t	8.44222
pos	1.65455	2.08329	0
vel	0.143247	0.303675	0
rotvel	0	0	-0.0605381
q	-0.986803 0	0	-0.161925
tac	0.418879	0.418879	0.234572	0.234572
gyr	0	0	-0.12124
local y:	0.319577	0.94756	0

t	8.46362
pos	1.66091	2.08895	0
vel	0.143631	0.30342	0
rotvel	0	0	-0.0614497
q	-0.986874 0	0	-0.161494
tac	0.410501	0.427257	0.234572	0.234572
gyr	0	0	-0.221297
local y:	0.318747	0.94784	0

t	8.48547
pos	1.66732	2.09477	0
vel	0.144012	0.303168	0
rotvel	0	0	-0.0619072
q	-0.986857 0	0	-0.161593
tac	0.410501	0.427257	0.234572	0.234572
gyr	0	0	-0.154548
local y:	0.318939	0.947775	0

t	8.50758
pos	1.67373	2.10068	0
vel	0.144387	0.30292	0
rotvel	0	0	-0.0626732
q	-0.986881 0	0	-0.161452
tac	0.410501	0.418879	0.234572	0.24295
gyr	0	0	-0.181461
local y:	0.318668	0.947866	0

t	8.52943
pos	1.67987	2.10653	0
vel	0.144734	0.30269	0
rotvel	0	0	-0.0633092
q	-0.986878 0	0	-0.161469
tac	0.418879	0.418879	0.234572	0.24295
gyr	0	0	-0.177331
local y:	0.318701	0.947855	0

t	8.55075
pos	1.68518	2.11244	0
vel	0.14499	0.30252	0
rotvel	0	0	-0.063793
q	-0.986851 0	0	-0.161632
tac	0.418879	0.418879	0.234572	0.24295
gyr	0	0	-0.176132
local y:	0.319013	0.94775	0

t	8.57219
pos	1.69048	2.11839	0
vel	0.145242	0.302353	0
rotvel	0	0	-0.0645717
q	-0.986854 0	0	-0.161614
tac	0.418879	0.418879	0.234572	0.24295
gyr	0	0	-0.146155
local y:	0.31898	0.947762	0

t	8.59392
pos	1.69578	2.12441	0
vel	0.145488	0.302188	0
rotvel	0	0	-0.0649071
q	-0.986798 0	0	-0.161953
tac	0.418879	0.418879	0.234572	0.24295
gyr	0	0	-0.0496953
local y:	0.319631	0.947542	0

t	8.61516
pos	1.70052	2.13039	0
vel	0.145676	0.302062	0
rotvel	0	0	-0.0652804
q	-0.986746 0	0	-0.162273
tac	0.410501	0.418879	0.24295	0.251327
gyr	0	0	-0.166406
local y:	0.320244	0.947335	0

t	8.63677
pos	1.70487	2.13664	0
vel	0.14581	0.301971	0
rotvel	0	0	-0.0658015
q	-0.986701 0	0	-0.162544
tac	0.410501	0.418879	0.24295	0.251327
gyr	0	0	-0.063951
local y:	0.320764	0.947159	0

t	8.65837
pos	1.7092	2.14286	0
vel	0.14594	0.301881	0
rotvel	0	0	-0.0660943
q	-0.986632 0	0	-0.162965
tac	0.410501	0.418879	0.24295	0.251327
gyr	0	0	-0.160144
local y:	0.321573	0.946885	0

t	8.67958
pos	1.71345	2.14896	0
vel	0.146067	0.301793	0
rotvel	0	0	-0.0668168
q	-0.986597 0	0	-0.163175
tac	0.410501	0.418879	0.24295	0.251327
gyr	0	0	-0.181727
local y:	0.321976	0.946748	0

t	8.70115
pos	1.71716	2.15533	0
vel	0.146128	0.301751	0
rotvel	0	0	-0.0673349
q	-0.986537 0	0	-0.163536
tac	0.410501	0.418879	0.24295	0.259705
gyr	0	0	-0.136029
local y:	0.322669	0.946512	0

t	8.72282
pos	1.72063	2.16179	0
vel	0.146161	0.301728	0
rotvel	0	0	-0.067907
q	-0.986475 0	0	-0.163911
tac	0.410501	0.418879	0.24295	0.259705
gyr	0	0	-0.192652
local y:	0.323388	0.946266	0

t	8.74442
pos	1.72412	2.16824	0
vel	0.146194	0.301704	0
rotvel	0	0	-0.0684273
q	-0.986404 0	0	-0.16434
tac	0.410501	0.410501	0.251327	0.259705
gyr	0	0	-0.14349
local y:	0.324211	0.945985	0

t	8.76565
pos	1.72755	2.17456	0
vel	0.146228	0.301679	0
rotvel	0	0	-0.0689543
q	-0.98633 0	0	-0.164782
tac	0.410501	0.410501	0.251327	0.259705
gyr	0	0	-0.175599
local y:	0.325059	0.945694	0

t	8.78727
pos	1.73104	2.18098	0
vel	0.146263	0.301653	0
rotvel	0	0	-0.0694679
q	-0.98625 0	0	-0.165262
tac	0.410501	0.418879	0.251327	0.251327
gyr	0	0	-0.171735
local y:	0.325979	0.945377	0

t	8.8089
pos	1.73455	2.18742	0
vel	0.146297	0.301627	0
rotvel	0	0	-0.0701719
q	-0.98617 0	0	-0.165736
tac	0.410501	0.418879	0.251327	0.251327
gyr	0	0	-0.180528
local y:	0.326887	0.945063	0

t	8.83023
pos	1.73728	2.19397	0
vel	0.146258	0.301658	0
rotvel	0	0	-0.0704025
q	-0.986073 0	0	-0.166311
tac	0.418879	0.410501	0.251327	0.259705
gyr	0	0	-0.0905972
local y:	0.32799	0.944681	0

t	8.85207
pos	1.7401	2.20065	0
vel	0.146223	0.301685	0
rotvel	0	0	-0.0708288
q	-0.985976 0	0	-0.16689
tac	0.418879	0.410501	0.251327	0.259705
gyr	0	0	-0.160677
local y:	0.329099	0.944295	0

t	8.87441
pos	1.74303	2.20747	0
vel	0.146192	0.30171	0
rotvel	0	0	-0.0711079
q	-0.985869 0	0	-0.167517
tac	0.418879	0.410501	0.251327	0.259705
gyr	0	0	-0.148819
local y:	0.330299	0.943876	0

t	8.89562
pos	1.74526	2.2141	0
vel	0.146114	0.301775	0
rotvel	0	0	-0.0713248
q	-0.985767 0	0	-0.168118
tac	0.418879	0.418879	0.259705	0.259705
gyr	0	0	-0.067415
local y:	0.331451	0.943473	0

t	8.9177
pos	1.74684	2.22118	0
vel	0.145972	0.301898	0
rotvel	0	0	-0.0714921
q	-0.985657 0	0	-0.168759
tac	0.418879	0.418879	0.259705	0.259705
gyr	0	0	-0.134963
local y:	0.332677	0.943041	0

t	8.93927
pos	1.74842	2.22808	0
vel	0.145842	0.302014	0
rotvel	0	0	-0.0719551
q	-0.985549 0	0	-0.16939
tac	0.418879	0.418879	0.259705	0.259705
gyr	0	0	-0.144689
local y:	0.333885	0.942614	0

t	8.96089
pos	1.7501	2.235	0
vel	0.145723	0.302124	0
rotvel	0	0	-0.0721753
q	-0.985438 0	0	-0.170035
tac	0.418879	0.418879	0.259705	0.259705
gyr	0	0	-0.135364
local y:	0.335117	0.942176	0

t	8.98226
pos	1.75226	2.24171	0
vel	0.14565	0.302195	0
rotvel	0	0	-0.0725484
q	-0.985324 0	0	-0.170692
tac	0.410501	0.418879	0.259705	0.259705
gyr	0	0	-0.109783
local y:	0.336375	0.941728	0

t	9.00389
pos	1.75469	2.24842	0
vel	0.145599	0.302248	0
rotvel	0	0	-0.0727135
q	-0.98521 0	0	-0.17135
tac	0.410501	0.418879	0.259705	0.259705
gyr	0	0	-0.099657
local y:	0.337632	0.941278	0

t	9.02547
pos	1.75621	2.25534	0
vel	0.145489	0.302367	0
rotvel	0	0	-0.0731182
q	-0.985089 0	0	-0.172044
tac	0.418879	0.418879	0.268083	0.259705
gyr	0	0	-0.146688
local y:	0.338958	0.940801	0

t	9.04675
pos	1.75755	2.26222	0
vel	0.145379	0.302497	0
rotvel	0	0	-0.0733633
q	-0.984971 0	0	-0.172719
tac	0.418879	0.418879	0.268083	0.259705
gyr	0	0	-0.11791
local y:	0.340246	0.940337	0

t	9.06822
pos	1.75948	2.26906	0
vel	0.145308	0.302586	0
rotvel	0	0	-0.0739139
q	-0.984838 0	0	-0.173478
tac	0.410501	0.418879	0.259705	0.268083
gyr	0	0	-0.204377
local y:	0.341695	0.939811	0

t	9.08989
pos	1.76159	2.27586	0
vel	0.145254	0.302661	0
rotvel	0	0	-0.0743089
q	-0.984706 0	0	-0.174223
tac	0.410501	0.418879	0.259705	0.268083
gyr	0	0	-0.11791
local y:	0.343117	0.939293	0

t	9.11123
pos	1.76327	2.28267	0
vel	0.14519	0.302764	0
rotvel	0	0	-0.0745893
q	-0.984579 0	0	-0.17494
tac	0.410501	0.427257	0.268083	0.259705
gyr	0	0	-0.139893
local y:	0.344485	0.938792	0

t	9.13312
pos	1.76518	2.28963	0
vel	0.14514	0.302857	0
rotvel	0	0	-0.0750619
q	-0.984436 0	0	-0.175746
tac	0.402124	0.427257	0.268083	0.259705
gyr	0	0	-0.147753
local y:	0.346022	0.938227	0

t	9.15464
pos	1.7675	2.29637	0
vel	0.145115	0.302916	0
rotvel	0	0	-0.0753052
q	-0.984303 0	0	-0.176486
tac	0.402124	0.427257	0.268083	0.259705
gyr	0	0	-0.0948606
local y:	0.347432	0.937705	0

t	9.1761
pos	1.76973	2.30308	0
vel	0.145094	0.302981	0
rotvel	0	0	-0.0754988
q	-0.984172 0	0	-0.177214
tac	0.402124	0.427257	0.268083	0.268083
gyr	0	0	-0.181461
local y:	0.348818	0.93719	0

t	9.19738
pos	1.77169	2.30979	0
vel	0.145078	0.303061	0
rotvel	0	0	-0.0757118
q	-0.98404 0	0	-0.177949
tac	0.402124	0.427257	0.268083	0.268083
gyr	0	0	-0.0595544
local y:	0.350217	0.936669	0

t	9.219
pos	1.77379	2.31661	0
vel	0.145073	0.303137	0
rotvel	0	0	-0.0758111
q	-0.983911 0	0	-0.178661
tac	0.402124	0.427257	0.268083	0.268083
gyr	0	0	-0.131766
local y:	0.351574	0.93616	0

t	9.24036
pos	1.77594	2.32333	0
vel	0.14508	0.303205	0
rotvel	0	0	-0.0762959
q	-0.983752 0	0	-0.17953
tac	0.402124	0.427257	0.268083	0.268083
gyr	0	0	-0.175066
local y:	0.353226	0.935538	0

t	9.26165
pos	1.7784	2.32995	0
vel	0.145092	0.303251	0
rotvel	0	0	-0.0763512
q	-0.983627 0	0	-0.180219
tac	0.402124	0.427257	0.268083	0.259705
gyr	0	0	-0.0815375
local y:	0.354535	0.935043	0

t	9.2831
pos	1.78103	2.33656	0
vel	0.145108	0.303285	0
rotvel	0	0	-0.0767695
q	-0.983468 0	0	-0.181081
tac	0.402124	0.427257	0.268083	0.259705
gyr	0	0	-0.235153
local y:	0.356176	0.934419	0

t	9.30452
pos	1.78372	2.34317	0
vel	0.145131	0.303315	0
rotvel	0	0	-0.0770016
q	-0.983322 0	0	-0.181872
tac	0.402124	0.418879	0.268083	0.268083
gyr	0	0	-0.0439663
local y:	0.357677	0.933845	0

t	9.3257
pos	1.78641	2.34968	0
vel	0.145158	0.303342	0
rotvel	0	0	-0.0770848
q	-0.98319 0	0	-0.182584
tac	0.402124	0.418879	0.268083	0.268083
gyr	0	0	-0.0964594
local y:	0.35903	0.933326	0

t	9.34702
pos	1.78964	2.35614	0
vel	0.145146	0.303333	0
rotvel	0	0	-0.0773352
q	-0.983039 0	0	-0.183398
tac	0.393746	0.418879	0.259705	0.268083
gyr	0	0	-0.096193
local y:	0.360574	0.93273	0

t	9.36869
pos	1.79295	2.36266	0
vel	0.145125	0.303321	0
rotvel	0	0	-0.0776228
q	-0.982879 0	0	-0.18425
tac	0.393746	0.418879	0.259705	0.268083
gyr	0	0	-0.153616
local y:	0.36219	0.932104	0

t	9.39003
pos	1.79598	2.36914	0
vel	0.145134	0.303325	0
rotvel	0	0	-0.077653
q	-0.982749 0	0	-0.184944
tac	0.402124	0.418879	0.268083	0.259705
gyr	0	0	-0.0686141
local y:	0.363507	0.931592	0

t	9.41163
pos	1.7991	2.37572	0
vel	0.14514	0.303327	0
rotvel	0	0	-0.0779641
q	-0.982583 0	0	-0.185824
tac	0.402124	0.418879	0.259705	0.259705
gyr	0	0	-0.237285
local y:	0.365175	0.930939	0

t	9.43311
pos	1.80234	2.3822	0
vel	0.145106	0.303319	0
rotvel	0	0	-0.0782779
q	-0.982417 0	0	-0.186701
tac	0.402124	0.418879	0.259705	0.259705
gyr	0	0	0.024781
local y:	0.366837	0.930285	0

t	9.45473
pos	1.80561	2.38872	0
vel	0.145058	0.303309	0
rotvel	0	0	-0.0783283
q	-0.982279 0	0	-0.187427
tac	0.402124	0.410501	0.259705	0.251327
gyr	0	0	-0.201446
local y:	0.36821	0.929743	0

t	9.47602
pos	1.80902	2.3951	0
vel	0.144911	0.303288	0
rotvel	0	0	-0.0787644
q	-0.982094 0	0	-0.188393
tac	0.402124	0.410501	0.259705	0.251327
gyr	0	0	-0.140959
local y:	0.370039	0.929016	0

t	9.49814
pos	1.81244	2.40178	0
vel	0.144781	0.303275	0
rotvel	0	0	-0.0789189
q	-0.981936 0	0	-0.189215
tac	0.410501	0.410501	0.259705	0.251327
gyr	0	0	-0.186391
local y:	0.371593	0.928396	0

t	9.5199
pos	1.8157	2.40838	0
vel	0.144669	0.303268	0
rotvel	0	0	-0.0793637
q	-0.98174 0	0	-0.190225
tac	0.410501	0.410501	0.259705	0.251327
gyr	0	0	-0.165873
local y:	0.373504	0.927629	0

t	9.54126
pos	1.81884	2.41484	0
vel	0.144549	0.303265	0
rotvel	0	0	-0.0794146
q	-0.9816 0	0	-0.190948
tac	0.410501	0.410501	0.259705	0.251327
gyr	0	0	-0.122706
local y:	0.37487	0.927078	0

t	9.56282
pos	1.82198	2.4214	0
vel	0.14442	0.303266	0
rotvel	0	0	-0.0798527
q	-0.981401 0	0	-0.191968
tac	0.410501	0.410501	0.259705	0.251327
gyr	0	0	-0.134031
local y:	0.376794	0.926297	0

t	9.5846
pos	1.82509	2.42805	0
vel	0.144236	0.303272	0
rotvel	0	0	-0.0799727
q	-0.981244 0	0	-0.192771
tac	0.410501	0.402124	0.259705	0.251327
gyr	0	0	-0.172268
local y:	0.378311	0.925679	0

t	9.60595
pos	1.82803	2.43458	0
vel	0.144008	0.303283	0
rotvel	0	0	-0.0804178
q	-0.98104 0	0	-0.193806
tac	0.410501	0.402124	0.259705	0.251327
gyr	0	0	-0.179862
local y:	0.380263	0.924878	0

t	9.62766
pos	1.83094	2.44124	0
vel	0.143765	0.303302	0
rotvel	0	0	-0.0807784
q	-0.980844 0	0	-0.194793
tac	0.410501	0.410501	0.251327	0.251327
gyr	0	0	-0.204643
local y:	0.382124	0.924111	0

t	9.64926
pos	1.83374	2.44791	0
vel	0.143508	0.303326	0
rotvel	0	0	-0.0812117
q	-0.980636 0	0	-0.195839
tac	0.410501	0.410501	0.251327	0.251327
gyr	0	0	-0.199314
local y:	0.384093	0.923294	0

t	9.67081
pos	1.83633	2.45465	0
vel	0.143148	0.303366	0
rotvel	0	0	-0.081464
q	-0.980454 0	0	-0.196747
tac	0.410501	0.410501	0.24295	0.251327
gyr	0	0	-0.116844
local y:	0.385803	0.922581	0

t	9.69211
pos	1.83874	2.4613	0
vel	0.142762	0.303415	0
rotvel	0	0	-0.0818582
q	-0.980251 0	0	-0.197759
tac	0.410501	0.410501	0.24295	0.251327
gyr	0	0	-0.147487
local y:	0.387707	0.921783	0

t	9.71357
pos	1.84126	2.468	0
vel	0.14246	0.303457	0
rotvel	0	0	-0.0819963
q	-0.980085 0	0	-0.198578
tac	0.418879	0.410501	0.24295	0.251327
gyr	0	0	-0.106585
local y:	0.389247	0.921134	0

t	9.73562
pos	1.84384	2.4749	0
vel	0.142169	0.303501	0
rotvel	0	0	-0.0824449
q	-0.979861 0	0	-0.199682
tac	0.418879	0.418879	0.251327	0.24295
gyr	0	0	-0.160943
local y:	0.391321	0.920254	0

t	9.75693
pos	1.84645	2.4815	0
vel	0.141975	0.303532	0
rotvel	0	0	-0.0826185
q	-0.979687 0	0	-0.200532
tac	0.418879	0.418879	0.251327	0.24295
gyr	0	0	-0.254072
local y:	0.392917	0.919574	0

t	9.77878
pos	1.84896	2.4883	0
vel	0.141721	0.303576	0
rotvel	0	0	-0.0830928
q	-0.979457 0	0	-0.201655
tac	0.418879	0.418879	0.24295	0.24295
gyr	0	0	-0.165873
local y:	0.395025	0.91867	0

t	9.80069
pos	1.85125	2.49523	0
vel	0.141382	0.303638	0
rotvel	0	0	-0.0833089
q	-0.979267 0	0	-0.202572
tac	0.418879	0.418879	0.24295	0.24295
gyr	0	0	-0.171469
local y:	0.396744	0.917929	0

t	9.82189
pos	1.85353	2.5019	0
vel	0.141101	0.303691	0
rotvel	0	0	-0.0837263
q	-0.979046 0	0	-0.203639
tac	0.418879	0.418879	0.24295	0.251327
gyr	0	0	-0.219565
local y:	0.398743	0.917063	0

t	9.84335
pos	1.85597	2.5086	0
vel	0.140882	0.303735	0
rotvel	0	0	-0.0836934
q	-0.978902 0	0	-0.204332
tac	0.418879	0.418879	0.24295	0.251327
gyr	0	0	-0.0976585
local y:	0.400041	0.916497	0

t	9.86492
pos	1.85839	2.51533	0
vel	0.14066	0.303781	0
rotvel	0	0	-0.08409
q	-0.978676 0	0	-0.20541
tac	0.427257	0.418879	0.24295	0.24295
gyr	0	0	-0.232355
local y:	0.402059	0.915614	0

t	9.88631
pos	1.86073	2.52203	0
vel	0.140429	0.30383	0
rotvel	0	0	-0.0844655
q	-0.978454 0	0	-0.206463
tac	0.427257	0.418879	0.24295	0.24295
gyr	0	0	-0.180795
local y:	0.404029	0.914746	0

t	9.90758
pos	1.8633	2.52865	0
vel	0.140286	0.303861	0
rotvel	0	0	-0.0847765
q	-0.978243 0	0	-0.207463
tac	0.418879	0.427257	0.24295	0.251327
gyr	0	0	-0.166672
local y:	0.405898	0.913918	0

t	9.92899
pos	1.86604	2.53523	0
vel	0.140201	0.30388	0
rotvel	0	0	-0.0849363
q	-0.978058 0	0	-0.208335
tac	0.418879	0.427257	0.24295	0.251327
gyr	0	0	-0.11791
local y:	0.407527	0.913193	0

t	9.9505
pos	1.86806	2.54206	0
vel	0.139887	0.303953	0
rotvel	0	0	-0.0850769
q	-0.977873 0	0	-0.209198
tac	0.418879	0.418879	0.24295	0.24295
gyr	0	0	-0.116577
local y:	0.409138	0.912472	0

t	9.97183
pos	1.86972	2.54896	0
vel	0.139473	0.30405	0
rotvel	0	0	-0.085185
q	-0.977695 0	0	-0.210029
tac	0.418879	0.418879	0.24295	0.24295
gyr	0	0	-0.188655
local y:	0.410688	0.911776	0

t	9.99336
pos	1.87179	2.55581	0
vel	0.13919	0.304118	0
rotvel	0	0	-0.0855425
q	-0.977461 0	0	-0.211118
tac	0.418879	0.418879	0.24295	0.251327
gyr	0	0	-0.110182
local y:	0.412719	0.910859	0

xk
     1.87243
     2.55783
           0
    0.139114
    0.304137
           0
-3.35912e-06
 7.11351e-07
           0
   -0.977302
           0
           0
   -0.211342
           0
           0
   -0.085572

Fk
           1            0            0   0.00204977            0            0  2.10078e-06            0            0            0            0            0            0            0            0            0
           0            1            0            0   0.00204977            0            0  2.10078e-06            0            0            0            0            0            0            0            0
           0            0            1            0            0   0.00204977            0            0  2.10078e-06            0            0            0            0            0            0            0
           0            0            0            1            0            0   0.00204977            0            0            0            0            0            0            0            0            0
           0            0            0            0            1            0            0   0.00204977            0            0            0            0            0            0            0            0
           0            0            0            0            0            1            0            0   0.00204977            0            0            0            0            0            0            0
           0            0            0            0            0            0            1            0            0            0            0            0            0            0            0            0
           0            0            0            0            0            0            0            1            0            0            0            0            0            0            0            0
           0            0            0            0            0            0            0            0            1            0            0            0            0            0            0            0
           0            0            0            0            0            0            0            0            0            1            0            0 -8.76914e-05            0            0 -0.000216631
           0            0            0            0            0            0            0            0            0            0            1  8.76914e-05            0   0.00100175  0.000216543            0
           0            0            0            0            0            0            0            0            0            0 -8.76914e-05            1            0 -0.000216543   0.00100175            0
           0            0            0            0            0            0            0            0            0  8.76914e-05            0            0            1            0            0   0.00100173
           0            0            0            0            0            0            0            0            0            0            0            0            0            1            0            0
           0            0            0            0            0            0            0            0            0            0            0            0            0            0            1            0
           0            0            0            0            0            0            0            0            0            0            0            0            0            0            0            1

Pk
    0.903912     -0.23516            0     0.131142   -0.0549243            0   0.00835005  -0.00628168            0  1.85886e-20            0            0 -1.27121e-20            0            0  2.10794e-21
    -0.23516    0.0783759            0   -0.0380547    0.0158492            0  -0.00290772   0.00180232            0 -5.77296e-21            0            0  3.98474e-21            0            0 -6.89427e-22
           0            0      26.0092            0            0      5.09988            0            0     0.499992            0            0            0            0            0            0            0
    0.131142   -0.0380547            0    0.0233719  -0.00923579            0   0.00205153  -0.00108607            0   2.1856e-21            0            0 -1.94685e-21            0            0  4.12107e-22
  -0.0549243    0.0158492            0  -0.00923579   0.00385594            0 -0.000748669  0.000454206            0 -9.70353e-22            0            0  6.70172e-22            0            0 -1.54472e-22
           0            0      5.09988            0            0      1.00998            0            0    0.0999992            0            0            0            0            0            0            0
  0.00835005  -0.00290772            0   0.00205153 -0.000748669            0  0.000243306 -9.15796e-05            0 -5.88443e-23            0            0 -1.02508e-23            0            0  5.60199e-23
 -0.00628168   0.00180232            0  -0.00108607  0.000454206            0 -9.15796e-05  5.47951e-05            0 -1.73651e-22            0            0 -8.05451e-23            0            0 -3.11961e-23
           0            0     0.499992            0            0    0.0999992            0            0         0.01            0            0            0            0            0            0            0
 1.44155e-20 -5.27079e-21            0  2.50671e-21   -8.071e-22            0  3.79828e-22 -7.51823e-23            0   0.00116671            0            0  -0.00216233            0            0 -6.22446e-06
           0            0            0            0            0            0            0            0            0            0     0.010039 -2.27983e-20            0 -1.53189e-05 -4.04814e-06            0
           0            0            0            0            0            0            0            0            0            0  2.16337e-20     0.010039            0  4.04814e-06 -1.53189e-05            0
-2.03677e-20  5.89434e-21            0 -3.91027e-21  1.28352e-21            0  -6.6266e-22  5.75898e-23            0  -0.00216233            0            0   0.00952361            0            0 -3.49178e-05
           0            0            0            0            0            0            0            0            0            0 -1.53189e-05  4.04814e-06            0   6.4433e-06  1.20018e-24            0
           0            0            0            0            0            0            0            0            0            0 -4.04814e-06 -1.53189e-05            0 -1.20018e-24   6.4433e-06            0
 1.85012e-21 -7.90527e-22            0  3.45658e-22 -9.29865e-23            0  5.99607e-23 -7.37379e-24            0 -6.22446e-06            0            0 -3.49178e-05            0            0  6.43827e-06

zk
        0
        0
        0
        0
        0
-0.110182
 0.418879
 0.418879
  0.24295
 0.251327

Hk
         0          0          0          0          0          0          0          0          0          0          0          0          0          0          0          0
         0          0          0          0          0          0          0          0          0          0          0          0          0          0          0          0
         0          0          0          0          0          0          0          0          0          0          0          0          0          0          0          0
         0          0          0          0          0          0          0          0          0          0          0          0          0   0.910644  -0.413191         -0
         0          0          0          0          0          0          0          0          0          0          0          0          0   0.413191   0.910644          0
         0          0          0          0          0          0          0          0          0  -0.167258          0          0 -0.0361708          0         -0          1
         0          0          0   0.413191   0.910644          0          0          0          0          0          0          0          0         -0          0       -0.6
         0          0          0   0.413191   0.910644          0          0          0          0          0          0          0          0         -0          0       -0.6
         0          0          0   0.413191   0.910644          0          0          0          0          0          0          0          0          0          0        0.6
         0          0          0   0.413191   0.910644          0          0          0          0          0          0          0          0          0          0        0.6

Kk
           0            0            0            0            0 -1.90582e-20   0.00695024   0.00695024   0.00695024   0.00695024
           0            0            0            0            0  4.65868e-21  -0.00215152  -0.00215152  -0.00215152  -0.00215152
           0            0            0            0            0            0            0            0            0            0
           0            0            0            0            0  3.81165e-21   0.00207756   0.00207756   0.00207756   0.00207756
           0            0            0            0            0 -4.76456e-22 -0.000507927 -0.000507927 -0.000507927 -0.000507927
           0            0            0            0            0            0            0            0            0            0
           0            0            0            0            0  2.19699e-21  0.000276507  0.000276507  0.000276507  0.000276507
           0            0            0            0            0  2.97785e-23 -5.85551e-05 -5.85551e-05 -5.85551e-05 -5.85551e-05
           0            0            0            0            0            0            0            0            0            0
           0            0            0            0            0  -0.00410506  6.22446e-06  6.22446e-06 -6.22446e-06 -6.22446e-06
           0            0            0 -0.000409246 -0.000333868            0            0            0            0            0
           0            0            0  0.000333868 -0.000409246            0            0            0            0            0
           0            0            0            0            0 -0.000590896  3.49178e-05  3.49178e-05 -3.49178e-05 -3.49178e-05
           0            0            0  0.000195585  8.87438e-05            0            0            0            0            0
           0            0            0 -8.87438e-05  0.000195585            0            0            0            0            0
           0            0            0            0            0  0.000291412 -6.43827e-06 -6.43827e-06  6.43827e-06  6.43827e-06

accelSens
    0
    0
9.806

accelState
-3.35912e-06
 7.11351e-07
           0

vel
0.139114
0.304137
       0

Loops:4653

local y:
-0.41318
 0.91065
      -0

